644
1522
2024
1933
2615
3593
3541
3807
4266
4546
6408
7714
3518
8453
9024
5505
7851
10704
72
12708
11016
5861
9375
9913
10594
12448
13663
19171
15007
16251
22318
18702
11768
14950
25802
27513
10298
21257
32073
23852
30986
22572
7737
35253
10737
8088
33272
22782
35430
32367
32479
35956
30115
10889
38634
38367
24135
40797
28258
37081
50444
12916
48196
43288
38747
42351
5851
16342
59241
36742
12440
25603
6370
51999
36487
44105
40139
62982
49710
48663
50932
50433
43185
30322
52713
54919
57964
48749
45713
68766
67396
56362
30393
33314
46090
27015
70943
36592
55407
45382
