2974
17000
14216
12060
21650
18539
24097
16075
35270
59658
56710
46499
47482
33878
77526
66318
53817
54682
76838
49004
96604
89891
89850
72616
92600
81588
80448
13436
128321
65178
148283
75568
163499
123403
76463
87855
62527
185275
173408
133536
139791
99247
106011
176175
110563
101594
84302
182680
233353
136093
74051
46067
3803
258685
130595
194990
179630
107655
165486
84363
109542
242990
13881
7726
21714
238186
223864
236080
146633
120350
263348
243407
179231
164327
124634
190468
146267
257814
251137
130272
216394
166134
151701
133483
214744
246524
76875
258688
243377
224820
25136
3067
262281
250007
186253
164848
2848
254297
168419
167597
