3730
5027
13945
14030
12955
15160
25223
10097
10973
18600
28832
42740
37097
41656
22880
52700
19233
41429
82184
51136
98394
97710
81679
62612
95191
88722
46215
79761
92592
46677
141895
102223
101187
146369
140580
125294
55612
158729
135246
120944
170707
158449
102284
61225
158825
210349
189572
123620
61154
205471
221108
142338
201091
214467
216599
175936
251446
204109
207203
257788
194238
1786
252851
183871
45443
215626
258832
186642
177440
216056
162798
145778
123837
260194
239026
139278
139135
232011
90547
175675
253293
235467
122650
257584
62082
250677
213797
146291
113759
32248
28476
198629
167190
265522
181443
149467
66125
128666
26026
189446
