207
753
4570
5943
8894
12328
11748
14199
16148
12227
15052
18656
19511
17378
22054
22727
21933
23148
31271
37491
21092
29917
13299
24644
46728
48307
39043
48948
43752
48727
46394
49754
18811
53524
40964
54796
52816
54915
57260
59594
49800
59269
64593
59263
52029
67526
63479
59265
54862
76694
78212
78903
76972
77588
77532
70308
67893
64423
87718
82051
71313
47185
91347
89932
96572
99580
99442
99016
75400
85279
107558
100251
60682
103820
112475
111917
115364
113988
119459
40812
120836
123564
126410
120647
126376
127832
121829
114848
116480
135027
133212
116012
137884
127465
143262
101593
144768
143399
99912
144939
