891
2726
6190
4752
7266
19120
7455
15167
36056
24333
34200
53922
48852
36713
49987
2589
3886
55776
2230
36260
56902
38505
32506
20971
81685
27369
50861
47758
97260
61709
99043
75825
33237
72162
88122
87964
134275
116711
81832
84325
83286
53733
51376
134135
7708
74262
92608
636
139810
138668
122608
56386
188533
185332
121101
123928
181705
183666
148863
145634
207354
182389
145307
87473
128128
150449
196074
137076
175542
142030
145639
176683
163365
31324
246382
159510
172361
162252
168103
252770
244021
8848
77829
126169
174995
211364
176894
145148
188941
94789
194035
193417
100967
210227
170641
144943
11931
102949
26959
15302
