596
1520
1769
860
2420
3206
7426
5530
6571
6782
7856
6935
8383
10992
7486
12857
9522
4272
13307
10909
4765
8581
10157
16129
7022
24017
25350
23729
21715
14491
25008
247
23840
23703
24655
20793
30238
29482
19018
38635
9046
29926
8698
23846
42505
23284
5641
48208
34494
44528
39907
49116
3151
16327
29522
49745
44628
57915
49995
42320
45263
51723
36679
77127
68605
68341
17466
59346
67631
38679
85285
21521
80814
55441
69151
85147
25161
65146
67856
96527
101605
108418
8097
121404
96263
106709
124990
100055
122217
2937
17556
12601
136835
55486
116852
61921
44881
152052
101657
48468
