8571
8000
7717
3583
15406
18400
3464
20333
33846
23917
39021
41547
45212
55697
8316
15639
27647
12220
55178
74104
36985
53098
63353
66925
63446
71823
69204
62248
75560
48647
35356
46572
84559
34076
31478
103782
60009
51998
71870
8673
93411
85389
76045
70555
64375
53354
118185
95516
124805
110801
68085
93592
4267
27603
103509
91522
123532
121932
15384
139947
116673
95495
74766
17068
105914
89792
148113
138313
124181
115625
141613
55497
118148
102533
42986
81165
155234
100560
85271
169741
153876
98512
128783
167499
108275
103712
163513
151734
85522
47456
165275
151869
128710
126343
116649
27295
120785
43687
8474
11598
