3869
4775
2150
1757
2908
2295
2033
4538
12030
8949
3016
4263
6964
9443
13694
7291
10568
12647
19426
6329
8294
24279
7236
15147
4939
2057
5694
28931
3897
11126
9514
21984
17802
12648
9604
22041
26309
19994
17357
11366
7061
35596
1804
35737
13573
4337
10802
17330
12336
47104
34172
12644
22045
10615
18033
53347
24206
54170
22515
16448
63405
4355
65707
4952
4341
35614
33101
46776
6549
6983
28091
10750
6798
60033
34405
36403
5578
14211
79486
16780
70678
21171
19987
6442
46529
39508
21998
53758
38222
28562
17766
10951
4366
10152
12471
65745
57282
8414
436
1234
