3147
2790
8019
701
8393
7279
660
10926
30909
30833
9689
8177
10366
74271
72818
69101
48135
77317
72922
12522
34985
115912
132129
124687
104043
49382
52230
5231
166487
77607
175076
123499
54828
54445
35672
207259
176666
183915
142466
111180
233175
147261
106339
171364
32330
84867
260374
213538
86747
86090
112858
59890
86608
152507
257035
232500
2194
110089
7227
154990
221964
25984
252302
232703
227351
18667
224818
184822
241008
129679
67288
81144
205371
238466
41107
205737
92302
2881
42529
18262
221227
36027
34438
37709
257918
108
5637
45374
167589
142228
32720
245073
95863
56894
7888
74448
25401
169940
60185
248253
