13278
34617
49492
33044
55015
52401
88822
86265
57275
14275
98333
45047
9416
93333
116746
153367
149905
146126
82950
167626
27213
153866
73981
69772
195675
5270
206248
214192
202849
144746
172276
160744
109543
61188
230467
220812
171909
184729
258921
146491
119205
202720
126054
214688
42210
217213
137544
262620
88069
120410
6459
255017
262372
243942
190205
37488
138665
198876
115038
240440
177944
36210
137978
226626
258091
217857
176083
171795
89992
73333
185683
142942
141516
257705
253929
141149
86597
29725
199189
189210
236373
232797
141429
182787
203417
123580
104242
266554
258803
147710
200179
70115
117875
253541
247296
80538
208418
190136
62828
101324
