4529
5055
5590
6103
8396
4185
11300
14655
16736
15987
502
15012
19275
22718
8268
24825
24856
28106
23439
4953
25357
32155
28144
46635
9075
46291
42087
52443
48628
57606
50689
43439
62861
61222
60627
44411
69351
68122
58753
44097
68172
46605
59732
63998
66827
62864
78674
60147
78955
77480
69945
72711
81104
84677
77375
57155
77487
78902
83079
68845
95549
80606
84533
94770
68545
44383
98585
91487
82980
65778
94463
91693
51342
96516
25280
96564
99622
102750
101516
90017
88905
83536
102730
100570
104890
101434
70103
100604
100558
115546
84917
112968
81899
90681
111806
108093
88177
87010
63324
123312
