362
1091
3467
9336
6752
15728
5163
8187
5747
32611
30347
30588
1144
26099
22813
21234
9291
17088
76821
88796
34124
99123
68024
68322
39322
38588
28911
52357
67968
43392
102744
109578
74626
110744
97498
105136
48129
30975
9197
117956
115432
37975
145949
227
153551
14891
143105
130464
29278
81883
17803
143817
107636
108124
42826
197312
143599
161142
178804
44499
137811
178409
61926
4961
170049
75964
129003
206555
162428
83086
229033
142094
141155
25583
227139
98309
39916
223521
216854
17977
128455
249239
162645
139435
104421
240543
185336
154305
211653
162893
247606
88911
162211
108735
202573
151550
95272
94176
26100
2679
