4898
116570
52091
157854
245919
138263
125945
216751
191429
132366
159825
8247
25107
35750
33276
10611
4747
244859
23247
87347
109828
135034
125197
218252
47998
212659
17783
131344
79626
44704
23993
157650
150322
133688
65959
44653
37005
258946
235506
123960
112443
91956
46215
264115
2184
196364
18806
104255
78531
60429
57117
55419
49520
231721
18658
128270
97783
95814
95202
53636
31972
27390
246509
214935
166538
13579
90577
67756
67134
55952
47731
37349
255563
237583
212982
20591
193472
191071
191061
179706
152650
119252
1064
96747
9665
94047
88254
69520
6620
61389
60341
53276
51503
32074
263310
239366
23816
238120
22088
210489
