252
1536
1735
1859
2471
618
4408
5565
5056
4701
2985
2657
5908
12616
16139
16284
9605
9322
20660
25224
23677
3641
27215
13781
35227
27994
27773
26427
28085
30251
38724
35071
24779
32082
3435
32245
49523
42506
33532
39813
51438
39156
37983
54373
64047
49534
39141
51252
12451
8511
51773
51117
57591
62710
32044
9253
72135
35277
70980
73893
59819
24130
71086
56328
41809
74403
36467
67445
82490
67615
87222
47330
77824
64027
25660
23372
76967
58447
69769
1989
97507
94356
60872
87276
90663
86797
84957
98389
73921
104243
8897
11297
91876
16388
103553
84779
69632
92176
119433
118528
