6537
15432
24706
38824
30733
46283
38293
70257
80377
84081
64261
89417
113028
49327
90454
162707
134132
132968
172834
109616
216443
192186
215983
31268
231021
200437
161759
117103
119680
164251
71578
260519
55177
51389
139627
202380
245596
243281
98100
45053
6039
154197
131649
151162
154176
537
123030
130210
16579
10118
131791
63589
5898
50974
244966
224359
15181
33671
209455
5001
37169
120214
174654
162190
116022
96985
74756
1596
6541
231672
19529
1156
7394
73780
233287
190374
212893
158424
9824
7446
167850
139318
117143
166326
103157
8755
219190
13581
10269
223331
155020
43772
175715
154284
7788
6168
34419
2531
20568
112135
