5862
11142
1763
6378
21023
24353
23788
23478
30559
34644
48244
27629
41053
44758
56454
55999
52847
5606
69391
41673
85194
59762
71087
81851
87057
71056
110403
109576
97902
115030
106288
61972
126567
120181
132616
134769
145617
145047
3982
107169
132212
157210
149184
144137
138771
175299
160448
124747
152456
109231
136943
156555
190791
195547
168513
156820
133400
181724
168687
145476
202795
202867
197729
162998
188933
117329
95352
222128
188779
217155
133354
218880
94653
228642
193457
242674
247048
62933
261414
246349
196437
251257
263838
218023
254430
255343
245298
183089
252576
156026
231353
177005
245803
211623
108084
224202
176743
252964
186718
202803
