1719
1700
3589
7039
7944
5583
10634
12875
14011
15212
14664
19230
18318
19096
19004
17717
22479
22470
25404
24984
21877
28345
25882
24416
29424
27472
32180
31404
29916
25511
26113
34714
36208
32912
38245
38932
38158
44925
45228
45571
45461
16317
44535
34480
47487
40590
42715
24650
52930
49982
56062
48137
59719
59581
40610
59685
57063
60139
58665
52014
33636
64644
60816
55885
62157
66313
58773
71276
70914
68870
62305
41785
67565
74854
67016
4606
73874
80124
61046
79423
68839
82231
88194
57607
87414
73469
29980
86284
75544
24494
82146
72214
90189
89964
76709
95033
98483
96554
96057
93677
