2532
13274
8218
10842
6474
12484
20391
16225
14182
31572
31069
2735
31778
29198
39847
42449
40301
9460
51165
23955
45515
25007
62623
19010
60288
62868
46003
50368
74141
79931
79198
79221
61423
50587
66535
100286
86583
99014
91412
118474
82926
90338
81901
81887
26617
122787
18428
5785
124509
64819
42975
76597
108546
102381
146377
21159
59401
169279
169294
128227
155190
120773
69020
194843
191722
117717
199496
169349
209358
158084
179395
175187
173257
210893
106583
202592
135274
110860
63852
236770
87004
237231
229103
104225
216701
166065
265275
196306
189369
166238
102347
261946
140420
243580
214186
124764
251515
203969
183777
198856
