259
6743
9093
7998
8558
1118
11041
11584
14935
21578
23505
23262
30599
18553
32507
37591
30657
35167
41351
8155
38850
23932
30100
47258
5548
36856
69730
53610
52861
80242
73045
32393
83344
64046
59899
65427
87125
83276
78687
67214
46538
105185
92029
113201
31149
114194
70782
67231
120702
39642
98825
94189
115910
118520
139419
123864
113668
130479
75484
46556
146082
88820
73985
148396
147177
141591
122675
54909
61941
44042
97818
145011
131638
167596
82198
179200
147045
191224
109104
169853
152561
69195
115224
44780
83467
23856
197862
148914
203860
183334
193110
123097
181651
134345
111011
220944
175821
119748
190601
179670
