1163
8679
749
4140
10081
15217
3499
7916
18178
15487
5582
13742
11796
5929
20216
23890
14309
15835
25035
27519
9938
25241
19771
26852
23119
37939
35583
34396
25300
9621
29300
52067
43553
45614
30436
46799
55432
48465
45763
35442
56913
32225
54721
47168
29726
25238
45592
58816
5665
70094
72482
27446
56859
47596
28017
41605
65485
69506
75147
77879
57852
52992
56741
78063
88572
63462
86486
66114
75139
50881
78397
48747
90479
44167
81480
106704
88401
97956
103361
82123
39471
81627
115741
66639
111932
80191
112064
59074
107306
96935
18129
121790
13238
126688
31738
110473
103969
84835
71010
57334
