1950
4460
7006
9286
11513
13320
17416
16719
16071
21574
25658
23715
29118
31459
39323
35661
19898
44819
41115
45839
42457
48213
31925
50710
55023
23224
54797
56637
57734
53333
54884
59697
55735
64594
67608
56170
68809
69276
70265
75352
72373
64581
72124
76919
76230
61901
69832
80781
94368
88189
97541
97376
100526
98403
94613
91650
102569
101669
104990
105753
104974
76680
102908
79553
105039
112900
118130
96784
107236
124841
116639
133609
127139
114967
112666
128667
140994
132003
148368
149876
144823
155615
100845
155604
144240
158297
97216
136155
180819
182914
175766
185692
178434
175277
173365
133268
184594
182875
106579
187794
