528
878
680
1173
1369
1494
1483
1748
1751
2168
2097
2319
2260
2479
2730
2609
2981
3131
3363
3781
3058
4051
3970
4125
4593
4809
4114
5011
5059
4454
5155
5574
5319
5252
5886
5437
5774
5968
6497
4257
5923
5664
6074
4697
6906
7199
7100
7824
8375
8401
8605
8725
8364
9323
7664
9865
9796
9469
8672
10289
10479
10039
11205
11062
8271
9997
11739
10236
12101
10714
12504
12382
12801
12940
12784
10004
9838
13276
10523
13680
10543
13758
12967
10764
13441
14589
14439
12807
15038
14913
14361
14461
15526
15823
15716
15489
15853
15703
14012
15676
