1677
3949
7194
4827
8209
7978
16419
10447
285
14260
8436
1718
17168
34687
26779
80061
83507
67726
50436
64646
47342
72806
17582
58454
76611
77938
107669
99143
27384
80360
32804
100035
110758
78424
126267
46830
62466
123369
172828
166944
156504
187340
43942
74643
147155
109055
103613
140266
198644
195474
119850
182139
102173
99546
27182
135501
98127
18262
131073
80788
100254
96632
218515
177125
163874
21202
140732
131215
222316
61371
258099
212591
196071
179679
256873
225299
174569
88613
239022
132326
199830
160788
137663
74257
252044
256312
120922
37496
88737
235930
1639
264781
137027
109185
49034
26423
222256
137555
264319
11764
