6182
4993
13174
13346
21906
20266
31788
29944
35382
21086
33794
2716
49001
55801
51981
28629
58054
38464
62990
57351
42885
60766
76296
48368
78272
77695
75205
106094
109646
110512
103258
84599
132046
133956
137956
142370
140601
82195
153016
98454
161671
153474
161338
167812
82696
195400
197291
200340
175795
202523
138281
122539
207610
200652
208314
162653
162611
15640
201087
251419
242558
247399
189725
137276
186304
260277
133495
261175
23382
259813
177647
260875
150771
221172
266676
20632
96325
68521
56645
100130
27888
133169
202979
10867
28889
246089
210385
163580
213319
184987
126094
39059
198304
79980
67786
67770
27525
73754
68467
35989
