637
6984
6227
5812
14240
22491
4878
17221
38518
9187
27255
12226
27068
26078
40834
40156
46820
19043
64764
45473
63301
74823
58881
21093
35396
22926
80943
87715
75099
89514
75115
18380
60952
67100
78688
132771
28826
68854
113664
69599
150124
143528
113526
27811
63986
145581
11530
66560
36265
9679
42955
184285
173072
171243
166599
82240
117153
172890
213095
206713
190900
181324
174223
146655
184502
197268
48108
19982
181961
175154
228058
94941
31457
254058
114210
191506
170627
117638
240832
239347
221630
55821
85821
212379
137094
209602
212900
79161
184387
94870
215673
122481
245195
178722
89921
71494
103429
99866
38837
199001
