32
113
167
56
823
1233
2516
3381
657
973
1405
4702
3616
10237
9498
10096
11240
1225
9861
12062
3139
5503
15257
14131
914
15653
5107
4130
17131
20771
20544
13170
19564
474
2103
25697
2737
13236
12994
37655
20294
2474
14418
4054
20647
1703
5103
834
12937
10317
46771
33743
10625
10608
42206
2889
19700
59772
22427
10940
40589
53064
38918
27909
8367
35495
13940
54799
16940
40068
10509
19345
12601
77145
3128
26
5865
52255
33423
20018
27167
89487
59902
29663
52783
4573
10959
28406
85508
43854
75406
65327
1050
42684
90366
51779
4773
98476
86116
90499
