747
7416
6013
15627
11694
16517
18536
21451
22967
25980
27691
24693
23727
33026
35632
39457
27497
40578
38510
44666
42195
38718
50431
5885
56168
53495
60705
55970
69432
67741
43994
68820
76210
67613
72984
58147
74260
70100
85546
91720
94625
83679
88431
101674
113188
57532
114337
78488
119318
113000
120716
121662
124945
129064
127717
125950
120737
134754
127233
113756
143722
147560
91512
153722
104664
104820
171425
82792
167927
171236
131682
182971
187398
168784
167374
195687
158806
173363
203101
199666
185525
203433
201819
199379
200566
214537
195195
181789
203971
194489
161455
220873
185393
219219
217418
203107
175515
230016
225953
214564
