3376
3448
6581
330
8763
7207
15569
18712
13532
26363
15484
30158
30616
16170
37272
36169
24391
35691
36105
35565
49128
47710
20932
20754
48395
48302
49796
26339
63011
33957
63206
61352
59036
48101
59994
73881
30739
49949
63461
73432
5610
79468
83739
70270
62895
50539
83703
38170
75363
55201
76882
82483
90319
80483
75200
63593
84722
62176
103620
107658
85675
110998
87936
82017
79671
95940
88775
72969
118824
108855
97436
111426
118120
99121
116047
58390
102940
76135
28521
139610
100143
89368
72670
20662
129856
124220
119255
104747
120598
89029
93666
133719
108853
119081
108374
144324
141018
113828
99343
65084
