1266
9485
20236
12735
32532
11296
34328
49619
44381
18111
53085
43614
55067
49124
69649
81723
97743
81850
84889
81308
102311
100515
105612
106688
108813
60207
131470
82766
131071
122664
113702
148908
153203
84868
168500
16535
167158
142403
135941
186559
188456
184665
18615
155213
211094
183846
89484
216172
214317
182417
154181
196947
222320
186670
179855
172172
75948
26282
186004
159847
233450
239313
202225
120201
67980
229259
156063
148741
96911
32357
217569
218764
140620
199967
264178
207824
225253
92846
98300
234981
251678
190153
51206
162601
57897
119818
86593
253927
45979
219312
222668
134
184297
42907
147727
41933
39180
44091
251556
221449
