28
2540
4503
5165
6418
8207
3634
11486
10793
6633
908
8874
14098
21353
27636
27275
13009
38697
40983
36594
47073
45118
45704
39056
58763
57818
59822
82485
53892
72390
72292
68519
79649
98064
95295
86482
103462
45314
93505
82717
113414
100930
95790
125663
117335
125726
137649
78352
91841
147410
138435
164450
30348
172015
122835
126859
155855
91055
179007
92072
109715
16594
152395
201368
201097
19061
179613
128464
146141
147161
228534
204406
214896
97373
226588
136846
9003
191044
136876
230944
225282
222196
258789
35362
149051
135935
137098
134155
260250
231398
139062
254335
4370
214331
189089
122275
265489
246887
229406
260473
