2487
17017
19762
14280
56773
33588
122177
18189
39359
124482
24982
42128
35248
90557
126260
55946
118853
113551
40351
3718
19005
8550
73803
148224
240188
209744
220621
48669
102992
100848
620
33381
56368
151322
232023
113354
82706
4543
103625
211853
169046
206316
52949
262749
136388
109977
37103
199867
82735
82617
197501
232566
213502
17634
57970
48014
111365
254800
21028
71573
52565
247450
113655
79280
190368
121061
136094
106621
255581
91609
58877
219392
41037
79875
38574
213356
43627
260135
22018
206218
192190
43400
216863
168278
159601
150460
115692
4723
33185
168161
122627
11392
250251
18556
21604
17721
219774
149302
133314
73279
