2158
3466
2880
4022
525
6154
8528
4419
7317
6842
7861
10128
14022
13150
15285
12507
5031
14587
17205
17312
20427
16454
22779
15659
23988
30081
16910
8380
20945
32782
19615
17938
24366
35547
23401
19433
34869
32161
44743
19226
11422
13946
9231
53373
46346
34269
26416
2805
9627
40563
25673
13201
57115
2349
40194
23498
70098
60194
62301
12974
33090
7114
10837
64534
26547
22175
77195
46965
81229
42173
72544
30967
3083
37216
105016
70720
97141
58639
83701
74725
12113
114373
99572
30671
4203
44279
49395
76159
110379
117873
94556
85294
64847
63041
70697
47344
20835
131982
124876
66775
