8
324
1276
1222
1033
1962
1966
218
2409
5397
4401
4887
9434
7443
2728
10956
13937
5213
12039
7801
13390
13969
11930
23321
14538
11494
17277
24649
19905
1821
16526
29622
28394
23328
16841
12313
21256
4070
9167
12646
35554
13381
809
2733
33746
32635
21785
39915
28474
46259
9661
33179
13743
2187
36349
18727
24124
49060
24994
42420
31979
31494
57005
51319
44291
50182
46402
39087
53029
60259
49318
39496
34192
28412
14256
38487
67536
44760
53379
27956
53148
37137
15663
56237
67283
74358
71374
75943
57370
36174
64398
54363
75149
63140
35695
73707
53406
15731
87869
69761
