4596
10699
23678
28328
30281
32046
5323
48450
53621
62493
54093
70406
75350
62803
71511
54917
72623
72092
88245
72294
37239
96292
95964
61903
102484
98079
8267
78516
96669
105938
105105
57959
112089
135809
137762
136929
89469
142314
31163
117708
114470
155778
164919
168173
145395
54092
91099
158866
148066
171334
173155
201443
195868
171303
185784
166473
223871
168655
234013
224237
231462
193844
18114
212957
256112
239992
241661
236614
223682
237849
251626
122333
259182
246603
189899
224720
197936
260983
13926
65270
220327
161689
205693
156113
216918
44834
104601
216672
81897
118871
24650
216697
82915
119557
31049
148551
182134
168273
162247
88090
