172
3143
4347
1559
6261
8322
9961
13392
8216
7125
27952
31981
14362
32059
31988
28787
16112
40945
46380
54293
19545
49176
3783
55607
50552
57024
48998
64070
59879
53746
73749
27739
34391
64128
85364
85209
91349
85621
34166
87301
84274
23866
94977
79044
91361
94510
84149
112220
61445
112992
106219
97601
122897
120998
37926
85593
115615
125098
112727
87627
53004
107388
52023
144564
140081
59451
143353
110129
132125
151458
109596
155957
111147
5929
155873
148492
100725
70659
66613
171687
140559
166088
170850
173235
165648
116939
103095
34287
158391
169412
145457
174901
159749
124393
194807
159608
187181
64466
170592
147619
