26
216
251
74
457
465
556
968
812
388
3142
2573
2130
1694
3548
1664
4123
4227
1020
5494
1076
290
5658
1172
6031
6028
2268
2453
4157
3706
7761
10814
10852
7157
11044
13751
6941
6469
7196
1103
3547
3350
9227
4486
11899
6108
3709
3112
5573
7046
12491
491
8327
21591
1372
820
12017
2889
21223
22229
9675
1795
20015
17688
36524
2864
26424
1573
32710
19520
10540
657
5107
25599
44853
21379
20390
9790
3472
41322
39179
24606
20265
5493
43343
21816
18611
19751
53230
5204
32301
14986
41025
8094
40048
30442
35204
20019
41342
6506
