569
600
1778
2122
2366
5232
3169
4003
3427
3786
6954
6185
7385
6889
7980
7959
10248
10429
9924
6232
4657
12505
12639
10844
13203
12264
3373
12496
11337
13723
15986
17935
16413
4695
12679
12568
9981
19559
16521
21761
20881
16735
24510
20530
24012
20438
22376
28171
18315
28176
31993
24101
25825
26150
35773
39246
40123
23710
9460
39375
38340
9651
34389
40990
32742
43920
42563
3808
21215
38940
11671
44013
39358
41059
39510
48678
25342
46623
40005
50384
32352
50265
46540
38752
33284
32389
34383
53069
51191
44355
51377
41681
50369
29507
45948
29057
34178
53252
58242
53508
