1858
3241
5661
8552
10735
798
25132
27225
30913
28868
22138
20527
29038
27557
40619
5715
33775
53609
46049
29045
8293
70448
31357
47205
82798
84398
63401
87554
50586
24721
67090
109836
116187
8445
136273
91797
86715
60932
153861
92911
37445
149932
9505
123166
34736
134214
162285
201387
137845
191167
90175
132992
60934
163813
197643
124398
177576
105204
4878
38837
251840
237473
125201
41674
108775
152812
19037
122719
41295
263661
113054
62734
109345
99924
161779
201358
225405
128617
82054
234794
260394
266764
262943
65960
261596
228520
188632
137432
230970
227672
260139
150447
109841
161404
637
154180
171582
191477
113696
9679
