10
161
60
1292
1409
1268
831
1006
4734
1869
3299
693
4254
260
5152
1507
1845
2092
3833
1561
6536
6742
11968
5642
8764
8591
6189
7437
8841
10036
1437
14763
2058
2511
9421
905
3189
19722
10939
15075
8773
648
16931
3973
22168
4698
16575
16866
1113
12034
22806
8579
2412
13220
7058
22400
14255
27517
10256
2151
10257
4789
12280
7905
23176
24459
5263
3269
32655
17555
2081
10592
28567
22793
2714
19485
7403
21274
7811
32900
14686
33238
26913
18235
32687
16959
16934
9041
31323
23323
11640
16493
28677
1171
32979
35452
31386
25077
21545
14419
