5529
9916
20326
27139
14008
18059
16833
25662
59167
35854
79054
27302
69426
32993
14624
101244
51995
92637
60116
68145
29318
95472
65100
63901
134738
124661
106691
130308
91803
55076
102576
118153
124201
84616
100484
88528
127681
44433
159455
138114
80373
116825
55777
19940
105601
31110
161273
137881
47421
26911
168963
136581
31209
190428
184965
149635
129847
223466
217929
211396
167364
236458
81050
187196
175379
179074
154669
121859
116257
132863
220558
123239
254215
234705
142952
131051
107219
241486
236988
210938
109489
266541
246814
213734
198355
250749
176334
261826
230963
225550
141308
211136
197443
107310
223822
174259
262553
235129
51860
235979
