1161
4193
20063
12834
28147
26477
36393
50716
56610
35088
73179
73354
60848
59337
73090
53672
93408
104059
102956
93984
105951
46826
125162
72366
123392
30452
82707
74352
141022
81014
35824
145427
143578
177079
160057
156944
156497
135518
145184
211446
128202
216596
219259
223887
139119
201546
248788
244655
240546
239061
252766
232466
226369
205306
220152
195996
254781
243927
221726
206616
183494
221158
213156
264385
252762
183679
222083
137454
197683
219502
222361
130315
192562
260765
160089
253955
199023
86857
160485
110001
246983
42699
259851
249404
22943
232087
3258
256432
243047
231501
213179
118711
241946
192477
133841
50963
90571
122715
185891
252767
