85
219
208
2348
299
3676
7672
2189
4918
13737
1675
11861
20111
8806
1304
2182
16639
31329
25770
22810
26643
33585
27251
39947
19931
10333
32463
57111
66977
51381
58620
64144
36079
55813
20277
37976
40332
62825
58847
57473
61897
41865
83424
88846
64379
11330
68336
64043
72114
56333
99741
95748
89311
116906
70219
69914
3524
65343
121268
70706
113707
118450
74239
50693
115851
84102
123776
85014
52842
104342
129528
135646
44429
77278
137263
36319
137780
4988
79534
156865
144125
112169
107174
90072
176606
159110
143470
108654
61978
154775
156473
130824
128047
75710
53463
130929
63875
101966
145763
128328
