5569
22196
37873
18970
51105
62278
39644
8268
70124
84724
87251
79886
40763
96101
116579
109406
45264
130615
90769
94286
121694
63803
124735
138273
132117
131629
147903
130254
134956
64992
169383
153924
124589
178626
125805
23594
120735
27463
178600
185561
166659
200445
158941
203138
83619
208714
184789
166552
39277
214032
110459
90881
183274
180317
79677
210819
237186
227106
64565
236873
108125
223865
220011
266542
266013
230135
203729
258647
247753
258882
247812
195398
135235
236870
223374
157588
177699
209180
129224
190397
159569
247018
35876
95211
247227
162939
229976
17179
131768
55154
262175
238183
69397
46649
255849
113748
250996
150114
143142
4436
