502
1428
2388
2291
1348
3474
3174
3473
5132
3861
4306
4367
8153
5321
7639
2898
8811
4260
7248
9705
8146
9295
10184
12087
11328
1354
7718
12738
10243
8117
13286
16186
15312
13101
14010
11631
13699
11027
11830
19558
13025
18971
10042
17089
6099
17934
20130
21657
22335
19191
21865
21882
22170
17768
18414
25481
27785
20803
21411
26743
27126
26987
7785
28336
23717
29386
26586
27701
16718
23909
18798
22997
18542
17354
25227
19547
33849
20651
27037
35290
23437
34571
21134
24831
22780
36485
35111
16993
16627
31481
15460
30980
27565
37564
24514
32353
28756
20555
16183
39188
