1949
2966
1117
4969
22739
27637
23541
17470
33130
8551
8041
18474
11719
49559
53389
35604
38896
24307
20515
21595
25619
26839
66407
60865
60203
15029
44098
95348
108824
83702
65241
90252
118800
93966
91409
87255
122241
92741
68064
98823
120177
39137
32182
139314
153416
86590
62771
106976
148663
122952
11067
72923
109843
48894
34051
106195
146273
120268
110004
177029
39001
22285
131858
114589
89644
140456
6159
53206
31427
78705
72398
66143
48211
174405
116685
106432
38188
196988
196337
233779
135487
199255
178941
175148
137477
30893
96067
173085
196929
188508
122586
213284
194588
111872
104929
67854
252440
181918
148323
73218
