11315
24179
17694
31029
32332
33047
33274
30410
45412
46852
31447
44912
41459
41287
67262
71651
63603
42339
90913
66118
15481
14788
81228
101216
52293
31008
100149
128616
128078
59084
56088
129569
123448
136397
73046
172797
11979
42024
186468
52638
180685
189268
96272
221756
225600
99440
122042
139217
126360
251241
249794
255989
54924
234205
174521
44213
131816
150613
197227
216311
123908
104201
135181
134119
194442
50755
241187
32396
63480
124063
3141
228877
175734
45044
3654
238524
169807
1511
32346
609
213373
13777
66120
56886
241250
23285
235308
86169
67271
265134
26052
164322
30787
259104
256062
237298
227204
110118
106902
98420
