136
835
4889
8086
407
8006
15096
17911
8810
12678
21854
17957
22787
28701
9528
14830
15386
13121
24949
19529
33973
23217
7103
42020
35975
36026
30208
43680
30899
38919
44600
8897
38258
31045
43540
41389
53600
74827
24735
70784
75713
57050
48835
45024
89321
73634
73818
81948
62514
100170
56222
92918
83268
91127
54509
72242
64367
76913
78770
6044
34976
67256
12829
96024
4686
38049
65917
111048
118418
123613
99901
125241
96879
82608
107532
80978
106354
122496
114427
126338
158923
140944
129961
170153
140314
158357
119712
79388
71644
168580
155802
131006
145344
188485
150931
9761
28486
163173
141321
165964
