1344
2383
3550
673
1939
9816
11246
13386
15667
20889
13248
10176
24006
19900
23935
21600
18445
28885
30072
37568
7124
40787
36057
40594
40330
52813
52519
52150
51358
51215
58977
45387
44733
41616
37010
62373
48444
47705
62212
25876
74365
63753
56253
63786
71202
81412
62125
56927
80407
79329
59427
16265
61413
95037
85642
81669
71874
66657
79969
94344
86452
86807
46071
92843
120152
69019
115976
71548
114048
98948
116285
107377
100524
121383
52025
128407
102177
140972
105029
78456
105310
112523
110839
103902
94305
128337
155779
135918
127210
119904
181709
141993
175397
134398
165693
155748
172737
166164
155177
175017
