325
174
1499
6564
5603
6294
14874
13423
12570
17678
19445
22646
25631
20249
21583
32708
27218
1740
31882
31336
28422
38727
39309
31347
40444
15899
39456
36372
33025
48150
38237
39930
47989
32469
11242
46442
43389
38775
36570
44821
59608
59462
2755
56570
54592
63164
46457
53459
67413
52092
29037
52611
72822
65999
76803
41518
64267
66146
40504
76645
62553
69836
83595
71618
14401
67861
97399
92286
36826
95698
91504
19397
54146
70495
72745
50838
100960
106822
97970
102907
63567
78092
84879
113639
107732
85159
75523
116226
118872
60886
118710
106349
101178
74912
126388
111359
110221
93846
53051
9882
