964
5754
6968
844
864
25445
82324
71590
28715
9050
43221
73369
102963
67787
1554
138086
144016
84132
84171
102024
169334
120505
92863
168758
158827
143907
191963
145635
34247
225575
206942
200903
161449
6597
116857
74727
170576
170604
50895
216583
260517
259434
30262
232114
217199
102979
262344
148956
126381
25616
186332
99036
46865
42733
234418
210636
235735
131806
191152
77112
120369
170864
249142
264240
115860
42237
188646
184237
183930
48452
111083
228975
196713
154962
77623
194110
235254
190927
35912
84932
199463
168525
103262
5989
20756
194596
33829
31748
41399
188704
54661
104398
9269
88502
166731
92633
23236
10324
5289
211519
