2449
6789
7397
7788
11689
21774
31333
31096
33388
36277
30682
39636
55589
66190
41167
72412
79137
78853
56110
81939
82982
62281
90746
65500
91776
96343
96473
98514
80073
51476
104958
103175
96280
88550
110220
102707
91074
111961
87990
114130
119697
125799
106132
126871
117149
133584
141428
139522
143146
140100
142793
128384
89965
105876
149324
141452
65164
155410
96727
183190
155271
65046
190543
190346
189845
187218
186722
180834
136268
203141
203055
192628
206172
189328
205969
210656
210112
222110
223928
139368
192786
230354
226924
226540
247115
245746
239120
223100
222680
200474
262243
261687
254247
178629
164783
237327
194434
145461
249942
202861
