133
1066
508
733
1259
1461
915
2197
3037
6590
3624
6191
9410
8323
11283
8680
10354
10054
9435
15932
13720
12903
18967
16999
18420
9506
10247
18675
21528
24597
20262
16213
17340
2254
19126
3609
21589
19329
17067
18748
15330
31764
15969
38616
15205
20747
27984
39075
34786
14801
40640
31999
48149
37618
11391
36893
40097
1637
49194
44237
42556
39786
21046
44719
64698
58311
36340
1553
46687
49821
67872
34647
23798
863
59435
38262
69722
69517
37929
82752
67972
48454
74304
67661
53255
79976
9359
65400
48335
60395
73488
21958
21640
65192
55747
87508
52971
65302
6837
53586
