12353
840
19081
7147
11439
20418
31927
3848
8388
8441
23536
31967
28396
5729
45492
75018
19575
12068
101996
99349
97741
94957
81996
44154
88150
62827
21473
47417
130325
122209
161345
89955
66123
94225
190605
17598
57169
42418
102957
59695
84860
153109
55841
10572
124902
81166
44690
192992
24824
190538
227652
182731
156311
14856
86273
145801
251272
97618
23177
99401
88014
260249
68457
81594
3601
156864
100946
69938
99813
17586
91622
231158
102471
237544
131361
116411
91626
258052
77678
256670
229489
372
166717
119910
169141
111937
39449
182421
90223
220236
72311
159990
261095
78780
3718
93590
223422
189237
249406
229320
