340
8514
11741
5476
8445
17777
17496
3884
15292
22519
26124
23921
32958
12103
38536
24967
3682
44168
41667
15519
39859
42930
37323
19168
19037
37667
2111
32946
57438
22130
12123
55380
11931
65510
76982
42979
48057
84898
74344
55036
31736
64296
41674
90617
47000
56665
3241
95956
87505
63584
98591
96793
66348
51800
25277
21376
59751
25059
9679
87540
34437
91314
32877
90528
36310
57477
122513
107034
91334
73698
128450
106330
7881
48494
118726
94212
1858
17045
36346
121453
64870
104107
79660
68236
137138
140762
138141
106801
76436
60877
32311
64860
43560
35019
17632
118380
102933
167916
34736
129785
