672
2338
1849
2109
1047
4547
1760
6064
10640
3317
8717
4541
11692
5817
7365
12423
16255
13659
8424
6876
14822
25714
20964
29904
15513
4839
7040
15500
6441
36480
5705
6628
35843
4582
36263
30173
39286
24937
10410
11262
57625
9958
31610
17394
31224
10000
41116
49855
39097
23735
60587
12330
60088
44551
7710
14634
59782
61202
58635
28269
47587
32017
16137
71320
34082
28570
17652
41443
68129
42838
42685
68723
70447
63968
23451
77324
27591
22149
73486
78192
36994
92715
49847
25960
17147
57490
21582
84435
33701
40364
91810
79622
7499
34067
21357
73229
72799
44482
80776
45274
