1362
2552
2041
1957
4376
5640
5429
7224
1034
9964
14134
4929
1236
13132
9074
13106
3025
19658
16687
17782
21439
10373
22666
21261
22301
25067
32886
26546
25384
36054
38299
2359
37846
35982
20525
41134
44392
43219
49968
25071
35588
47507
52980
27085
15297
53950
5636
52990
49259
53884
50387
29391
19486
47678
58277
15554
61292
43584
49991
21328
60292
65813
69720
21194
75042
68511
76308
60921
59703
69499
45421
53422
78799
77442
80819
23038
11131
66956
78760
64679
61794
81693
74193
62144
75658
91718
74324
61442
38815
93719
74223
84959
65866
86512
80003
65203
61474
42446
20926
98608
