2200
4700
6911
16848
16336
23780
34423
25127
47609
46968
61340
42538
45028
68261
98602
100245
86454
74923
87385
72080
89634
98663
84221
128115
66084
122243
35425
128079
28499
151403
157704
152162
148458
120313
127823
99952
75495
81461
186891
181463
197148
149299
139178
193629
151154
39476
209398
193195
184416
183696
163650
140614
141927
148982
231253
20617
232896
251504
248834
194454
172399
112265
263465
253271
250236
266416
241503
155875
257330
238052
227885
234975
221105
241358
234288
242063
185800
37862
181495
212788
174819
211082
184548
97892
259530
114517
251354
172844
3668
28396
44332
255365
253444
259773
92145
158172
10175
143447
18568
143787
