6719
8334
16591
17996
29065
28710
14233
29234
19385
36550
46823
39732
46117
12409
36203
2107
54060
75122
59020
21206
76985
36551
54220
73119
85535
41174
69231
59156
25740
86793
120643
16068
117152
98726
53301
132867
113774
66171
160519
159193
192037
69301
36735
53158
20151
161548
160674
123972
39761
226923
211686
146055
26367
128541
191334
148288
144858
93948
27738
217883
211061
113913
230032
198832
181678
175104
228811
141903
240922
134138
93120
87620
39445
191321
838
186594
18487
194446
141934
73124
139147
235210
171
112753
248916
67825
255444
21430
48931
182898
211041
210055
189259
101010
78609
137017
19193
188042
87908
234640
