9008
9793
10779
24991
44650
56486
67894
70482
21248
78633
50402
53060
11380
32997
99285
98344
103166
80140
61765
119897
135446
86786
108624
164490
174334
92544
155881
145599
143418
152840
128081
41065
183621
209674
141249
168528
3215
152390
148573
138599
75722
57428
197105
177054
94107
212461
162015
251337
172458
150398
87865
196044
46338
34413
231482
73089
251965
205144
100069
249828
24974
201442
84896
42401
13315
201025
186222
177104
172336
173749
114868
91131
246749
207158
94735
179248
255736
168957
113877
80205
103988
178113
201614
259204
195967
207225
181161
164643
63552
263106
161688
198351
158735
84099
244471
118707
67594
231495
203933
137064
