1200
1928
5685
4644
7161
11980
8562
20701
21772
29185
25588
25739
33385
33777
38291
42137
20799
24853
30107
48589
36701
46815
45579
35035
54142
23137
38013
23760
39918
50713
45765
57216
46551
40759
76850
41205
60525
87249
64649
81485
54842
61689
42823
97756
24492
65148
93041
87318
57926
81749
101927
51384
82019
95628
8088
1543
91277
136263
68383
135686
101553
119093
129301
49234
144854
139054
107394
77309
75610
91505
137927
135552
129166
122297
135048
180262
108521
152672
125348
85671
167185
181254
117694
75908
214309
119046
94133
217225
66245
209890
183830
233552
218442
184065
181620
141892
246915
126912
88251
253397
