8012
5442
7268
16556
13831
46954
35149
47186
47157
59343
49923
7942
75875
56041
18728
53810
15649
30574
39045
90523
72341
111467
69425
57845
11264
48733
16300
92463
48849
179446
159057
116726
61087
177370
134856
87723
186831
127749
206314
200909
167685
229542
191971
182419
61307
215984
157578
213776
13452
24111
163604
65494
189293
171097
125996
79174
248324
94204
101235
2464
38011
235809
161321
77209
29325
88599
254763
98307
141219
124427
214415
124909
76761
59319
43436
58033
26464
129000
252337
195078
56003
52481
38307
173372
232198
266315
135245
67849
253576
147210
123908
110616
224247
136841
165681
4026
38527
111954
69731
138988
