5430
5005
14582
17278
10169
17635
19603
22529
27968
31616
24729
43233
25254
76092
68408
64116
45801
57346
48619
66700
94415
106155
110376
112106
112551
112034
62423
100331
91969
105240
87043
32969
184243
202841
198474
197198
150773
102792
215195
125958
189530
254996
226726
186425
162673
149098
146808
210609
115185
252698
228746
209789
209266
65455
256765
141650
126139
242130
63184
248692
97835
245217
57500
122851
249008
167835
27217
228862
120972
260225
12104
83169
103058
213583
92979
83219
5554
191116
141823
91766
74105
65002
26117
2577
218145
13807
134311
120326
10121
43587
263108
1943
158839
87831
44259
34591
229790
191371
15773
15635
