162
1385
2684
3163
3075
2619
3071
2835
4122
4530
4934
1143
6569
6631
9260
8912
10193
10026
11257
7217
3828
11505
11237
13796
14459
11524
6328
15622
13258
15093
13485
17092
13786
16772
18464
18584
20545
18263
18458
470
8457
13263
20862
16029
22406
16890
16514
27207
26812
22948
27183
25927
19754
20587
33629
32520
30379
29269
36568
27845
28313
35924
39640
23654
21561
40565
31317
14088
34693
34691
34006
40705
40984
40853
40686
39113
35564
45511
20003
43739
37784
40550
46753
25011
38661
32963
12543
45054
44739
22251
42471
48076
19693
12703
38122
34263
40976
39489
36724
52206
