3705
3632
3542
5791
5390
7648
7195
2759
9116
7265
14219
12083
5000
8649
18168
11747
18788
23475
20461
17654
15691
22356
21436
32151
20957
29884
8131
35775
28044
28884
29984
36807
42815
39382
17742
50127
47550
24251
25186
46113
27445
34902
57932
57327
32432
8472
24692
72032
79166
25550
52974
23636
88097
76966
74481
71262
92536
84974
60817
78206
19379
93600
79949
65934
95273
90946
80714
39527
24587
102532
96371
46744
77176
105606
111190
71122
117842
99141
127517
123518
103897
123668
83727
130812
91828
33349
34970
103936
67681
100908
134890
145396
137153
150688
136904
108986
101007
143607
131530
130730
