995
1407
1565
3664
5595
3000
10573
3459
10753
11427
16811
19415
2662
2992
28364
20150
5680
19051
31261
33216
19666
29094
26329
13698
26806
12347
17490
7710
29962
29565
27490
34279
15230
43933
43360
37483
45742
43153
46825
29677
54331
46407
39091
39670
24358
53853
51972
49858
49878
33038
35195
68816
60745
57233
72470
67922
33350
7601
4540
28062
74789
15283
72928
19262
72450
82463
82480
68151
45849
59404
54493
79687
45490
60090
51365
91827
83585
17088
13566
96566
58777
52998
99255
98298
61054
29220
2056
17652
104995
34487
19497
67145
102243
9971
26386
117765
107062
70086
50652
108184
