10
117
1
408
654
260
650
1056
161
648
905
1199
2636
1780
2791
2921
3157
1597
1085
2586
2087
3813
2951
4195
1113
3681
9
2081
60
2592
1513
5119
1286
3009
5030
1006
5925
3510
3416
2362
4300
2412
7594
7381
1507
5650
2511
975
7874
11021
2714
7106
11784
1437
13104
14085
3150
7183
3385
6452
6237
693
15235
7545
2817
8257
15278
6429
13242
16692
5742
9078
6450
4440
16371
3468
12933
8081
1845
18323
19732
9169
16756
1268
24087
12494
27143
6365
16047
7930
28386
7429
2733
26625
18084
15382
14707
23512
17215
16018
