13788
12858
15567
17176
16569
25038
25172
30793
28439
35670
34852
37079
37527
38414
44123
67982
63085
52381
63134
69155
71121
72552
83382
58615
99575
86578
70330
35034
15953
55684
93685
84075
96267
99308
114143
115281
126613
121369
142908
133153
88415
147929
139756
68082
136166
163223
151949
127025
168259
153522
108880
91982
108416
41018
183262
173095
91060
71040
196205
124893
166047
139213
199942
210947
192871
239982
197685
188972
231852
240566
212316
208313
191594
215519
214775
254859
227581
197532
254386
120609
258900
173557
249672
240147
125851
83054
262453
248194
67279
246618
246033
228063
247365
211449
224931
194216
149511
247304
74101
169776
