8480
8923
11611
13736
12987
13514
24137
7061
10263
22377
30178
5363
29166
8995
17540
11981
16978
13592
24503
11891
27775
1890
62425
60343
51035
71895
36605
26869
83250
8904
76681
67865
84483
91925
108651
67484
74618
39468
86466
119076
77102
12471
117049
91480
80134
131439
10568
69211
56528
68566
80079
56725
141920
109436
88480
78634
140441
37627
113388
185086
146391
132502
180589
125625
60942
10773
157132
155978
103152
64735
4939
123285
185998
177103
194608
102442
162404
232169
215885
206703
15604
142980
98986
210550
146002
133889
53506
256682
261062
259312
160347
123451
96464
188865
65188
238829
113444
27768
228420
205815
