926
3620
1541
7481
7323
12530
26003
26403
36986
5947
25589
49509
19344
46188
39559
54736
77593
53317
82828
34086
51570
83845
41233
101708
30854
112503
83907
70687
61742
26160
70617
109452
107308
111619
86937
102349
110503
91371
42932
112860
144890
139939
123540
133213
121265
78328
104594
22785
155546
65408
79747
103711
120819
141572
74798
165111
171810
111694
159431
161929
9174
163319
110700
87180
171726
151436
141416
119127
105819
130193
28119
195680
133260
106017
27992
157632
108303
216375
171845
180827
223917
211228
129032
175983
254539
151478
103657
162903
159460
123202
19180
164787
144358
107232
77110
253848
249971
173379
215487
220597
