7989
8451
14366
11625
26000
6973
29619
30665
35359
36222
5346
27426
47034
31600
38637
66188
62762
17670
54140
47696
58153
68750
62998
70582
82590
83897
71020
66532
68483
96336
74598
100612
104746
105123
89632
112917
101896
112126
117392
111994
127569
96839
135230
126467
79461
101456
137846
142414
95958
74188
119075
59659
141804
131178
159033
158249
150191
121534
100696
119563
39544
83529
149386
156526
175131
168998
184039
166376
89357
187932
185609
147583
130559
173584
107036
171135
192681
199742
133284
164589
179610
167219
166955
200330
198192
180395
187698
223968
198032
226896
208004
97111
185679
196002
174860
239839
186738
246179
205092
189935
