8533
8969
7135
11218
32355
28138
45808
32201
50147
34329
52245
58664
33529
63475
42692
64022
39374
52431
71948
89649
86258
100479
100005
103774
55632
115284
118837
133641
105294
61398
53128
134259
123875
85524
38061
77141
61697
118104
165158
98564
33921
153366
151235
180773
174003
155394
133516
158313
148111
179601
26064
200750
141486
220271
164455
237177
189717
163355
143109
91628
164588
161285
262850
262477
253263
203385
261814
163150
40072
112653
88917
185363
59351
222583
228362
172462
203436
97089
62089
244206
198144
262407
77102
25595
232047
195633
69559
34793
212904
166442
34794
23354
13118
220367
41754
265313
176194
166751
170092
165384
