37
8381
19124
11929
19053
30447
59846
53102
81436
50715
68068
51587
74996
98402
83282
97548
83562
104224
91812
88970
116262
118207
85564
45350
49381
85499
130626
75886
146571
90849
45385
150130
153898
173957
99620
91652
152042
98275
180933
51517
139873
206358
171392
162599
202656
65965
191467
182220
180386
206859
198273
162096
161525
149957
56603
244107
210438
165244
49292
180946
258536
252409
246979
230530
217908
220911
241731
212368
185652
18075
136795
175615
248531
217827
209011
194671
130392
217920
146934
266767
232210
101550
233515
37304
263265
62641
251691
187382
138426
109445
250163
244079
15225
262591
252001
47053
262696
220486
139211
195175
