34
160
2612
6149
7621
9265
11826
14592
13762
18516
17789
21019
16955
31759
32404
32591
41480
46628
47939
50316
51409
52848
53604
56207
72264
73872
87056
88925
94496
97061
105646
104506
103851
92734
110841
94146
105977
130106
57878
142118
109745
145899
151257
132392
154214
42432
150976
92915
117793
174985
170400
184810
131271
150975
193915
183991
181657
139331
66661
209416
189662
217485
216669
148167
87604
226114
205921
132656
179246
235800
219150
210011
169337
251397
246991
252897
118869
257637
239964
191850
249605
266817
156940
10514
27388
210773
57555
235579
248379
106525
57028
117133
167344
16977
89401
19121
208711
12535
249532
179944
