201
754
1313
947
2683
2838
4397
5780
3943
9931
10599
12141
20345
14371
21559
9789
23958
15069
32697
30976
32421
47169
36059
47174
44179
54990
33932
49389
68933
62537
73462
12445
34164
74928
36152
83346
88199
77916
73405
60504
37296
72424
106378
52219
97012
100300
47485
108496
96850
70859
130745
102171
112032
148480
152708
121132
17748
111553
42780
121482
113265
146739
98869
114872
87394
52460
176814
167789
151114
174215
142053
189068
173752
165993
148816
148041
82354
178695
138536
103890
131152
181041
191804
197743
143793
102025
164668
151652
190757
227001
185166
11889
206034
150336
203884
167838
156335
148859
515
175428
