1474
2192
4917
8714
9296
12285
13324
13989
14077
15394
17874
18578
20721
21098
14777
23908
25854
16638
31180
28719
33082
28198
31023
35013
34089
35400
32207
30383
32009
40390
50320
41882
54116
22342
62929
62219
52568
68788
70420
67068
65118
62816
74118
73556
71958
65879
62857
76125
78121
71207
69803
71464
75460
94454
31881
99268
82023
53714
92444
79025
76023
105145
90573
101630
104579
95349
90187
82587
96362
110156
117820
117282
119460
112121
104149
97123
113803
122123
113033
129171
112789
116697
112436
131052
124890
119507
114402
77926
137415
126115
137478
69798
138576
141899
114283
144063
140603
139872
142544
122379
