2455
15976
25498
37501
46328
39983
52876
76216
78241
58567
58545
24184
63120
57485
45602
128682
139861
131737
23779
161494
26717
98031
171704
142866
81386
163147
153787
172507
168918
167670
130620
153414
153972
188119
240106
246785
211112
106109
125458
161903
169806
254806
164960
266833
157265
195279
161491
180023
244001
262689
120410
246490
244027
176945
69856
124587
246650
220463
117560
225922
182956
265666
258477
250583
47082
216418
202382
167473
120541
79644
266534
234269
194900
191865
238441
123273
88638
172914
163228
243781
222659
161337
30366
171720
165603
132518
266199
214209
68588
117959
223914
230014
223416
114382
254412
228820
116822
134491
240505
115079
