5720
9454
16120
20523
19602
23173
16960
21131
28528
32328
39463
38958
4439
30187
43811
42760
45307
52087
47564
62523
51640
45991
57378
40982
51220
71381
69685
63157
67881
66888
50518
72948
49400
87779
87149
38990
95380
72753
66061
40635
91755
63436
91637
99307
66813
98189
52856
94667
9893
117978
125429
114954
56801
111550
97274
88574
107595
78042
76302
73475
112457
139004
121314
69763
40476
97600
59483
56399
94501
126460
107375
101468
46462
164860
133728
62539
139738
135276
121717
122032
152941
127225
135658
84147
170413
85429
38583
140806
128630
113273
87935
132864
109763
24638
158765
176768
195466
184168
106678
191869
