7202
16685
16046
21367
24943
27402
38110
32119
45630
43173
49377
29617
48431
56377
73008
77067
28428
96104
91300
98343
107860
85746
123483
120563
92490
30054
133902
62447
130592
140984
122592
165049
132597
174356
82549
181754
177287
176916
196882
191376
167141
184667
208109
202130
211095
168763
200791
226333
238686
244549
244009
243886
223022
216560
19386
255385
253141
236591
266761
240855
158744
259985
205132
208978
234814
105789
228442
265280
264140
7419
231435
196108
39506
218284
121519
59
265472
348
224510
87037
160832
160041
224734
4845
216926
92206
200092
170918
184081
175619
184289
168722
65861
30271
238634
225572
54451
244623
223035
46594
