2909
2659
696
3801
4196
6303
8336
4191
5247
10854
9246
9487
3959
8752
5912
7979
12837
11534
14541
16897
10151
17876
17236
18226
16104
17314
19039
18616
22528
8756
20102
20900
24887
23100
22707
24719
16900
10419
27004
21801
29799
29474
12862
28502
31328
32511
28913
29585
34118
35817
11458
33934
9613
41127
27885
43526
43165
40179
38680
40548
34235
34568
12956
36135
22657
18249
36065
45479
29226
19981
57757
26064
57886
50837
57605
43970
55719
55032
49440
38877
64717
57127
47042
37341
34180
62601
51238
66997
69469
59449
62246
71613
53151
34794
52733
68196
61214
33208
78136
56070
