17097
41230
46650
41215
62791
90012
27248
87866
45531
107263
98502
20559
118047
63455
97307
87110
63677
146362
149597
141561
102623
153717
146266
40392
178119
171719
102295
157244
153907
33597
182434
169495
203103
31642
203466
160885
232711
217291
165554
23414
117704
122915
251321
144884
137734
220908
120797
247038
217851
170814
217816
144591
57188
182205
250968
243549
216972
193037
7082
190208
251091
246469
184321
64039
89822
261892
252529
142734
265377
174119
210853
164448
247522
229684
207209
141149
6367
153285
185410
173196
233738
185009
151701
150011
106783
194691
156690
151245
257134
222930
27896
25299
240449
133653
86182
29134
177264
173848
69175
239246
