517
558
844
3039
3771
3712
3451
6264
6803
7702
5294
10701
10077
8981
9146
12005
9121
2164
10434
11764
24734
24005
20338
28016
19832
30305
33440
36636
35634
34710
18478
40900
32584
26850
19008
41677
32761
53189
38967
49220
48848
53063
64263
50382
29412
67174
32911
64086
63577
23554
80310
59002
18504
64952
75615
62649
85530
61452
48824
75947
68991
64928
17582
48932
36077
83119
82906
56474
54538
98886
40602
70467
39788
77820
45106
74274
37352
25159
98015
58889
106188
85921
15053
64209
108514
89495
105182
6843
122011
88118
42222
125020
104512
56894
90263
117148
116944
98611
67948
127897
