3717
4208
9771
17834
16050
24102
2829
29429
33683
49828
45289
51294
50927
5077
56355
77466
15387
24057
99955
90158
35508
101219
104687
116191
123269
123870
102063
85226
30652
134010
136914
63090
163919
86458
152944
193544
189826
175970
121596
166242
117577
172729
123632
112365
196497
237263
239104
224647
223735
190683
227432
207075
256787
143354
233088
181586
157737
41685
246717
187598
60782
261974
230237
228005
215181
187038
256400
104209
182955
231279
255778
231141
114763
215802
173258
159991
34462
147052
227474
166250
42939
302
225662
105034
202604
5378
252398
104103
171238
255898
6421
126671
119926
253451
18595
18267
110245
215100
6164
4846
