1231
1102
685
2732
2661
2622
5619
4362
6990
8357
3928
5725
6432
9852
7373
6895
13909
7174
15114
12025
19464
12898
17223
21408
15478
19164
21475
21943
24961
19922
23229
10211
17587
34877
28404
25170
26317
41315
34038
40639
47825
12906
38095
37822
44359
23219
33727
57590
40761
36850
51839
15497
58163
43151
55822
42553
2829
66456
72059
68525
61552
54974
54485
74147
45706
53911
71383
27327
80293
74578
11959
68393
52632
75836
63966
72861
64471
28111
67842
32430
6146
38780
34659
83965
36582
86833
13801
79352
83786
102397
101106
84214
84015
20480
68273
50637
40452
81340
79680
81970
