118
5851
14236
26846
88609
18744
19861
92102
31858
50259
42899
100403
50057
12916
118419
103105
167333
141890
154672
91404
257908
38558
129148
122109
140673
103307
266085
98843
46095
241745
92900
56914
37579
261539
52455
49233
5861
25603
212978
226230
127111
108703
68344
211438
224719
125908
186734
179168
170625
134342
238497
6370
68251
259747
253741
225107
215319
152989
1522
91822
113425
74498
137967
164880
11016
75365
165970
147259
81058
256745
201726
179857
234368
9913
122216
76396
36487
222643
92009
54340
48416
234597
73952
138730
110214
66000
178286
12440
46857
38747
9375
155745
85605
67755
36592
203035
131489
70258
54153
114703
