359
1625
1831
1702
1696
1624
2198
1721
3090
4977
3888
2688
1766
4472
2169
3450
930
7870
4031
9312
9123
8501
4152
9532
5732
12343
8321
6437
14124
13908
13210
2251
19528
14534
17059
15795
18267
21066
13700
4866
16357
20622
17897
15940
16703
8076
23190
20760
19567
27947
12023
14137
9026
16028
6657
4610
25423
8746
25845
12066
29927
30697
5837
31591
22481
29813
22302
23605
36978
20611
35562
23226
45254
19241
36686
15371
37084
22909
44059
2933
8747
15747
44231
24420
46644
49638
3007
37337
48613
51212
19856
61851
43881
33965
35441
7686
67137
63729
49262
47711
