182
1178
3211
2296
3938
4072
6257
8650
9649
9987
10370
11809
3048
6544
15544
6359
10586
18118
18877
11585
23101
17241
26651
17625
16835
30578
31746
20963
31123
23847
18436
37336
15291
37917
34790
33279
38643
10782
36774
20709
43549
41388
36378
44030
41684
43027
43562
30629
44396
50421
39285
28761
49934
9262
64705
7657
55810
37284
48090
75120
45306
73720
69903
61237
35517
78478
64623
59284
18512
66631
23069
83737
22268
88728
85804
12144
56643
91567
85627
43435
83987
95951
97648
24340
101367
70152
45301
91207
90247
61267
72956
91926
44649
110914
109809
91691
53103
34136
109164
79985
