304
420
78
419
919
895
1420
275
2020
2179
1712
2675
1862
2100
3340
2484
3903
3689
2867
3460
2070
3693
4296
3894
4750
2349
1802
5158
4942
4974
6298
4203
8418
8261
6995
9300
7866
6883
9579
11373
6060
10179
9529
8491
11715
12564
12978
8188
10952
9980
14982
14633
6061
3591
15559
6568
17700
14694
19045
5697
19945
19745
4017
20429
13481
9659
20374
18582
2017
19114
19681
13790
19281
8312
22516
23294
22052
17679
9015
17813
1667
15904
20201
13986
24783
25097
21536
12704
10695
24036
27082
20284
10350
27211
22506
26696
31563
25274
29344
15327
