1779
8354
8189
8313
6554
12870
13686
7423
14905
12949
15232
11573
16830
19210
14580
19759
22032
21416
8673
18297
26763
22026
22172
22708
25855
30818
26217
37229
24474
35100
24134
38691
34620
16909
33634
35953
35093
33580
39913
42835
28126
43456
39591
35148
34616
49518
39886
45220
53335
52461
48245
43773
54793
25653
42840
43769
58766
47941
26420
38970
28717
57725
55273
52655
38665
34609
65202
56696
50199
45872
65763
47874
58179
60153
17822
54326
10921
64629
57662
53371
50510
71985
52188
64429
64011
76941
54330
78400
74791
18741
64566
46102
73914
60662
84743
77625
72409
64106
58663
16731
