1711
10920
13119
22102
23617
22610
52891
23310
24828
86195
41725
11241
79816
100572
92197
51143
120297
39761
78346
33543
51426
66247
143197
58362
153635
155109
145293
96837
170889
113832
196307
29627
217539
204078
233711
141925
23091
134150
177655
82255
190301
54970
38574
201673
132334
34025
153194
216535
237715
136283
120656
51181
146134
224784
80116
169398
109035
258816
214806
85479
232328
266717
244524
166946
13401
185110
259507
54528
228557
162147
56944
40193
143917
37416
106854
93911
179539
92953
194631
177709
241017
180971
141847
96994
209082
142002
53956
143690
209509
35767
243593
120130
72852
3993
5231
199259
255836
179848
235029
15338
