255
704
1052
1198
1192
1141
1395
2551
2690
2754
2780
3362
3198
2578
1046
4466
4145
4060
4818
4448
4156
4856
5279
5828
4970
5591
4456
5153
5914
780
5594
1743
6542
6881
7549
6703
7725
7666
8251
7554
6916
8526
6831
8270
4571
8447
7795
5615
7557
8846
7465
6974
9809
9475
9591
8902
9960
8836
7773
10299
10394
10808
9915
8564
9518
11668
11269
10901
11758
9292
10438
11835
12607
11258
12826
9559
12689
12997
12259
10374
13924
11943
12339
15067
14486
15274
15121
14528
14319
15994
13336
13803
3492
16294
4892
15201
15655
14839
14646
13311
