397
1809
206
4558
6813
10029
16295
16304
16062
20071
19151
22832
17673
21900
31803
1684
31365
29750
37875
25375
39776
7733
45686
33659
33610
52482
29355
69889
24702
76141
58584
53886
77161
75528
68043
42435
96471
48842
105796
94514
104034
58446
122453
117834
56971
87211
86235
105770
87904
71686
117183
45487
30595
139988
94357
70315
53261
163145
97073
169924
64002
161661
156816
105362
67720
179559
202716
176016
140707
93695
214723
194104
219634
175898
179276
100270
42493
160080
177438
150606
138361
64427
218300
43310
126265
212582
240071
178993
175870
218581
217815
242467
235628
229366
169887
167527
199650
257906
230933
263296
