10946
21540
24798
25196
25343
17930
25488
27799
39392
41101
46149
50394
45958
64737
73375
65185
73899
72855
78683
53664
61040
67557
65765
84601
90443
85105
70468
104331
115310
95703
113910
120218
62792
126285
115723
137540
91565
127146
161733
167882
115993
175761
205136
225775
218215
132169
220451
231154
198083
221216
174805
156067
232155
79646
123024
256549
258465
152749
216788
173142
41392
105852
222136
1730
77779
17398
111285
259328
53711
11964
242624
68582
95105
189093
242103
49753
96607
45460
213203
47361
147576
4788
179672
136997
39475
23875
121310
72475
62243
93235
66028
47206
37172
35142
245810
190646
184447
7378
217589
180350
