239
908
4459
4906
1643
8487
2698
5890
4313
11293
10878
10249
11012
15531
13783
12947
14543
4666
11145
11243
20139
11483
21692
16345
22416
15127
17381
21618
31739
19888
8689
27692
25231
20785
34949
33530
35116
39306
35974
17579
34374
13677
32602
33015
19715
44938
23658
42745
40070
46437
56715
36313
36030
24277
24483
34091
50771
44586
53056
42242
24767
23503
14058
27477
16347
60377
20470
43201
24890
54017
51495
45152
60528
50971
18468
70489
51162
44717
23608
51004
49749
55762
56511
61568
50874
9250
63588
49695
64056
71795
30076
58146
48083
58892
43625
44593
67797
18543
52125
41510
