493
1127
2644
3188
3751
5443
6388
5014
9406
9118
5337
8039
12483
14446
7482
14425
18293
18747
22488
21042
23019
24913
27721
26368
5977
25700
30395
23963
26384
31744
29106
31757
33854
28056
30468
34361
37095
25052
37135
30906
40870
38185
42163
43044
41543
43873
45219
44642
36827
40331
47841
54802
58644
57778
17313
59693
66415
63431
44177
64671
49068
71412
71065
77668
65222
63427
78141
71759
77698
79447
81117
81856
69010
81938
54747
60644
51108
87644
55158
94628
87760
87637
85449
99417
89506
99653
99632
93618
81101
100510
36757
64673
101557
48986
94702
15575
78631
83622
107316
95585
