1156
1946
3310
3647
4350
4911
7671
8230
7329
10346
10861
9168
13611
14979
18940
21389
21649
21412
15981
23283
20502
23926
24345
26398
21362
28308
26989
28723
29784
31278
26355
23855
33547
35387
37257
32318
37008
40267
40016
27382
41224
38673
37659
43944
38255
45862
39926
44468
48284
43269
51576
46717
47235
51092
48182
54339
37595
53827
33618
56852
47099
58563
49121
58744
51951
61153
51966
61744
65191
65129
62647
71473
64641
53121
57666
69246
57837
75324
71481
70497
74496
62153
80972
79825
89806
90151
88997
87167
86247
89117
83025
74530
93632
83923
90816
70998
96430
93542
97020
89978
