1363
2468
7271
8561
8691
11617
13070
14433
14918
14523
14972
12593
16206
19085
15827
22434
23668
22725
15331
23031
27112
28753
10995
29517
21125
28848
28180
26615
29562
31674
35669
40898
40116
28583
42843
31914
41458
47074
43092
54104
49593
1790
43426
55971
49760
57421
58935
57435
65814
64045
69823
56619
62513
72441
73399
67230
6188
78318
80716
70820
77395
81713
33293
83117
76660
65839
89130
32725
90094
74874
91104
86168
67975
95178
32627
93593
99704
91861
100623
84929
105964
101704
52384
104132
111751
107990
113886
103398
98779
113911
52593
109649
115722
115082
106457
91470
80279
31116
109847
109941
