9625
7208
10851
7033
19896
13709
25954
35010
25824
32939
27983
31360
42670
21213
62457
63639
51263
69676
28637
69604
65900
51068
18689
79731
87520
15937
75376
77097
81272
63632
102968
106069
97509
75744
58879
32944
107676
84911
75620
34700
85846
97086
20978
117191
75939
135632
59022
108694
41280
87734
87590
125652
112596
131790
105326
121179
120742
136184
34160
14532
60142
61368
120407
114874
114565
178924
170424
139095
50945
181356
148705
161792
119455
201816
168255
43065
81842
163848
114432
195382
52281
125710
195196
149630
96878
181873
109322
121628
181207
216045
178132
187493
253456
198358
206905
208866
195007
182108
128068
150433
