66
302
906
2509
2678
4743
5372
6049
11956
8476
10185
11476
17086
10019
18306
21590
30784
33964
30560
18228
33668
39548
21663
30397
40915
36539
47191
17228
33159
44562
48615
48772
26842
54474
40327
33845
57465
28023
59210
48913
80627
62046
70284
71809
48147
40107
50397
74751
57360
93741
35830
69028
35158
34599
109722
106184
57178
111280
111912
45108
124072
118259
112643
139150
134049
89226
124512
123090
126464
137368
130100
97803
93325
122352
109723
100705
77689
101113
126505
153154
135797
160858
151616
85648
148272
142443
138840
158565
99189
110347
49715
168887
172941
104814
92509
186211
184650
183671
170349
190008
