582
7471
12163
9351
9712
15042
2034
18174
20569
2758
2976
25345
28506
35902
6346
6829
42176
32150
44723
34478
15825
28775
31540
37282
28395
34399
32920
26265
42713
35038
46932
48906
17785
68275
4607
47098
56660
57811
62830
73582
38720
42678
83046
51730
84775
73761
53000
77192
58436
18481
34369
74390
62134
83157
96426
20099
71684
84298
83465
62536
121258
93507
74871
105459
18471
96077
82360
101759
12436
63626
56280
112906
77772
50852
106081
140229
101977
143326
122507
79859
112419
129369
149610
62810
128573
112655
25605
125418
99369
72987
31134
155837
88259
30475
156338
22561
137340
711
97981
65795
