5447
6636
12998
14758
17526
21775
22920
26683
27793
35723
38285
39976
31985
47788
33657
54304
51200
55714
54792
52607
53426
32598
58695
59535
45366
48346
65874
65287
78385
72630
5285
76355
83904
84457
53589
78139
91749
94016
99661
95656
100413
102724
108174
106123
46763
105835
97476
116081
108024
125791
109339
100433
111286
114842
67029
18265
141575
134892
136707
97637
142877
144902
108564
45603
155704
153577
125417
118449
155691
154486
163357
162438
163479
163449
162138
143246
173718
30320
182762
178371
87324
194876
188052
183139
30525
161370
123565
197245
183415
199257
161601
212013
205704
171588
55422
197561
210485
210190
211154
224300
