779
10830
11992
12174
16312
25886
31794
29525
15456
39853
40053
45469
47203
64788
49258
30528
23624
32390
40725
60467
67695
28496
34204
14930
81702
43784
76126
41002
123709
106550
84989
129354
93435
113471
152204
123881
160204
14739
115269
203943
151173
187316
155286
97759
225823
200227
1432
246475
237662
23207
218299
259144
196763
222914
171564
119889
116109
245506
196431
244876
54009
162208
50826
224456
14685
245564
255623
228885
206541
181630
249210
170647
7739
241650
16121
125253
216582
7804
5522
212838
12667
69935
3503
16770
129962
140189
150487
247704
674
26826
170185
63066
2247
5509
35303
24879
207183
120332
105291
43161
