157
282
369
621
686
739
805
1032
1621
1337
1458
2067
95
2571
1186
3958
3825
3768
4359
3743
4319
4642
4572
3070
5297
5272
5171
5298
3210
5584
6158
5954
5156
702
2505
6287
6642
7678
7310
7298
7890
6961
3952
7743
3700
6767
8745
9326
9333
3788
3831
9429
9804
8285
6127
9629
10822
9935
9777
8161
8385
10770
12349
10009
10627
11777
5833
13305
11641
12577
12673
11970
11139
13279
12234
13756
14221
8281
13384
10922
13797
13806
15289
14916
14014
14590
8038
14136
15804
16364
15688
17024
13622
16759
12397
15561
17866
18321
18533
18198
