371
935
1082
1302
1525
1630
1833
1840
1745
2405
2534
2702
2396
429
2964
2955
3084
3060
2372
3919
3870
1603
3898
3992
3968
2779
4601
4941
2429
4416
3079
3691
5768
5797
2958
5921
6456
5379
6670
6081
6640
2905
8035
8061
2531
7830
6236
8629
3901
6376
9345
5629
9417
6999
9994
9390
9746
10205
9900
10647
11564
1240
9135
11481
12356
11425
12212
9599
6111
8948
11755
10840
11595
7705
7053
9411
9534
8926
14390
13696
9353
5389
8406
13380
5460
12886
12468
12980
8964
10651
9638
5635
14586
14815
17015
13352
16296
11084
17529
6577
