9550
18406
25858
4711
21534
29581
26205
34560
33601
39009
27528
40902
38524
61236
27094
61227
24148
32873
45897
35893
67598
24707
75501
62843
41445
61684
44198
24722
32835
81237
81325
45971
80530
76903
57651
108341
101567
87969
57151
101492
88139
81349
81794
67896
85527
136718
88029
81366
79029
48436
46279
136807
64421
72447
69953
73968
53750
80538
69453
76060
74419
132385
118625
161502
108258
14814
52145
109340
98469
124745
116388
72382
119097
102426
84652
66150
180098
151765
119329
101259
82208
195185
169138
185664
182367
146625
88005
149870
101256
143049
91401
80371
214590
203481
198223
214887
187453
65633
220708
193098
