70
149
59
274
576
1636
1986
2048
2401
3240
2381
3516
4085
4258
4749
3947
5025
3937
3161
5821
3744
3364
5206
5866
4845
5524
7244
7460
1057
7904
7996
7776
7818
6199
4583
6218
539
9752
8132
9904
9636
10528
10498
8584
7228
10536
7848
1996
9719
10138
10684
8046
10687
8425
9715
2755
10164
10907
12312
11558
12538
8014
11678
11029
8697
12273
12400
13553
13079
12720
11210
11005
15660
14138
12902
14581
11908
10839
16468
10046
16374
16724
13083
10605
15286
17007
16633
14870
11651
14942
18863
16501
19424
18566
4082
18211
19451
16697
18905
10619
