372
3601
3848
840
5729
17586
10572
12068
14856
8441
23177
8388
47775
24824
7147
17598
19575
39449
21473
44690
42418
78780
68457
77678
93590
57169
109933
102471
127790
86273
55841
72311
97618
69938
138830
91622
44154
116411
114070
59695
11439
162566
108869
111937
66123
81166
222091
235421
189237
166717
141488
233865
19081
258498
213436
159990
90223
20418
62827
45492
94225
124902
28396
89955
229320
81996
240721
31967
148100
81594
84860
217143
100946
23536
182731
12353
102957
99401
231158
249406
220236
3718
119910
229489
214001
94957
258052
122209
182550
131361
258084
145801
53674
130325
261095
88150
182421
97741
156311
47417
