8
2187
4618
9759
10824
3135
1821
25966
35352
33519
35559
11359
20347
49802
32190
22374
21342
25661
28417
13743
36790
32711
52500
77272
58103
78768
218
92570
9708
110886
32231
67041
1966
101844
89504
72527
184014
117469
176410
55950
97590
114550
69734
151623
148605
53013
172136
114544
26538
86757
208149
175067
35702
14798
200154
134319
131033
57039
164697
71120
91937
61969
183469
30012
18727
208588
52196
161656
205170
139089
9167
1033
12942
210156
63625
244437
221093
161570
117651
101339
255299
218128
245686
48577
24994
164654
154502
146398
130851
259133
69104
27763
256743
207467
128501
99170
60619
46411
173227
28412
