4146
15408
20199
18410
9064
21369
26216
35645
30587
41234
46297
1932
51519
60741
62293
77670
57688
76242
57254
67634
98560
90850
89878
97446
104734
108309
81408
106022
98520
85516
76987
70736
126344
121823
83683
133499
94623
130282
139927
94486
6817
130623
127691
29787
143187
147782
138243
120416
78151
161190
129223
137870
150036
69191
171766
14909
103825
138136
190530
158970
149208
75881
147749
129209
198347
18364
100631
135186
185231
74017
45531
81431
80853
149640
108753
96042
161101
155642
56712
179088
13860
69433
221020
195220
126610
18059
116423
240486
211715
209181
211765
232377
198329
255159
134480
52120
90766
242389
63233
243788
