1444
2309
3338
3437
3187
4226
4335
4804
5987
7091
4198
9071
7663
8446
13621
14120
11464
5322
14436
13470
19116
12500
15528
20336
16275
12889
25527
25664
17377
25690
23277
26927
16197
27713
11704
27817
29384
30620
18782
33768
30396
34125
21419
19054
36302
37995
37193
39722
23477
44576
11839
20403
46585
48734
45523
26236
49548
37884
46384
54800
46356
12741
56079
50295
48234
57021
51434
60241
60245
57245
50344
41312
68768
62919
66358
69466
65313
61302
60758
66359
73408
73404
70750
70745
21009
73382
69835
69396
76990
70748
77664
68857
66395
76237
81442
79804
81307
36858
83089
48212
