430
4522
3872
702
4779
5789
5959
5315
5576
5495
5585
6979
8329
10566
10007
7650
8826
11339
14176
13253
13802
13551
18269
17734
17894
22583
22738
21868
22283
24007
9257
26272
26956
27055
28240
25543
22126
28533
20676
20776
24082
26258
30229
29214
29732
22092
28716
32899
25006
28092
36603
28252
30386
35464
35681
31990
36765
30291
27144
32164
35449
30507
38180
29734
33093
38869
43077
37450
44236
42959
17732
25432
45806
45767
27700
41926
49590
46010
51484
51226
47130
21103
32715
37777
54081
39373
55400
42693
57154
46133
52867
53006
51617
57736
40979
7107
58543
51897
60823
54825
