1794
1532
1968
2555
3145
4837
5899
7140
6548
5677
8624
8140
9503
9459
3129
9718
12246
11933
9311
9377
8765
5074
4415
14648
13112
16933
17680
18092
17807
14345
20212
16262
17154
15666
18234
20797
21704
18197
22683
24289
26502
24422
17580
17435
18837
26255
27903
27435
21830
3200
23203
26662
30714
32378
33460
33837
35272
35720
30203
27312
35061
23991
42248
40275
37048
33506
23637
32705
46276
43247
42282
39744
45596
49305
47981
35976
41688
26065
49105
35777
50521
42223
52909
48758
51716
48311
41189
28672
48382
42398
51197
47142
57251
45379
44584
17173
52509
49120
37165
58936
