10436
31912
38354
63219
28272
188918
193434
66988
97105
17397
191144
79891
47995
143592
80897
92990
239250
3353
27503
13837
262466
111469
104333
251570
199177
259595
118986
35767
1711
86239
77696
177625
119888
101603
166832
114016
92596
20870
183313
72852
51517
64652
53303
49772
19356
152317
14947
56642
29401
263480
249146
22720
213846
212124
210139
75583
75239
55056
2700
169263
153391
138629
136063
132384
88810
84187
81784
76907
76689
76671
70222
68060
61892
60389
45375
43026
233299
227364
184862
184857
175719
15338
134150
107367
94377
90148
675
56500
4580
4566
41725
3492
257210
249546
235564
218238
213478
182713
171195
163857
