1131
3370
6769
9507
3651
1211
3811
6795
8991
6443
23883
18221
12936
26544
16928
37029
31749
2617
44587
36285
28653
7142
57929
60133
29288
41035
6738
56446
14473
53125
59637
90545
75982
97693
31120
80122
19954
106832
17427
114038
21020
66428
52064
122479
44967
2058
52066
26269
46731
120993
42095
45974
100672
4090
154385
78592
102527
38417
133374
110910
142369
123629
74865
106537
167074
151423
27658
16306
135995
71346
48742
227389
130172
86718
144041
62137
230311
28247
256030
38198
199085
156659
4536
135588
184655
90100
88319
82837
133588
119200
49997
261911
93780
229997
135382
7424
25258
230700
230562
175620
