1891
2183
2423
2437
1863
5533
5518
5617
8798
10896
12396
17195
16568
14228
22024
4324
6589
23408
20927
24579
11465
24777
27529
30025
25881
29975
7634
26628
28187
33338
5115
33972
30420
30231
36224
42008
40095
37297
35459
34607
33288
46144
35537
33900
40623
44439
39834
45908
14325
28060
41591
44055
55310
42651
51639
44502
43371
41270
5846
48654
47390
48896
60282
8109
59188
58785
62405
68091
28053
23469
56600
51229
46993
42560
59211
17588
66062
52073
58340
24809
53870
32628
71408
10883
48365
28608
70312
64713
40930
81026
72689
71090
59086
66764
57950
79721
78934
64610
51670
56203
