8018
9912
3166
16753
26478
43277
3457
71191
35520
65426
22784
98834
33517
44648
85610
115426
111329
129151
134643
132466
81032
64920
80758
159960
103351
159853
198380
178954
166003
151150
184589
212753
210221
154594
241033
201974
43183
233919
221575
12358
45339
232468
173033
75696
228886
110075
136606
248459
141345
93131
201860
39502
2285
81724
95760
62448
3354
259108
196441
230978
259848
74284
11889
156143
221946
232213
41675
31340
199287
158480
148702
41288
185492
40999
264987
133980
34500
138354
19358
88502
7978
65942
29817
27655
240675
101006
190585
162091
99356
80978
50986
190139
124269
91877
82500
23384
21257
193493
107652
82541
