3069
5930
7180
13631
14490
16964
6815
20388
31398
30728
31940
29840
25419
32282
34290
20464
23196
30063
58792
63928
47673
55438
80848
37015
84227
95829
99161
100090
119841
93886
120726
110350
102579
101739
108259
129349
110894
71960
131460
87685
118493
151658
142955
119238
140294
153129
83324
143134
183790
173410
164818
109928
195054
177661
161569
199390
176772
219432
170516
102070
223144
226023
201887
159578
142149
236337
220137
193810
237344
248510
246641
209265
202744
226805
263137
214182
193564
224208
249205
105287
264124
230006
205291
259913
234066
188755
128650
114360
239483
195933
126480
206871
259036
192805
57372
221049
207584
255243
176490
160342
