4331
8205
9289
11161
11844
10654
7902
18398
14101
20579
21638
17720
22512
22388
17808
25849
26592
21123
28015
28581
21032
28025
16951
31651
32098
30984
32415
35656
29312
36377
33027
36308
29850
35643
32630
34362
40512
38690
42191
43940
45882
35686
31206
39978
47276
47537
48205
36185
32994
47849
51536
12408
55730
57536
40726
57223
39106
51062
61073
57287
61425
48653
66230
49694
69014
69407
52320
72570
74044
72003
60859
65727
59489
53483
83855
75539
82488
70613
80927
69012
69898
50738
87542
82451
92351
38069
97052
94797
97516
61513
96605
69103
101696
100576
99152
87275
96202
98022
114121
86110
