7504
16311
12788
26541
27366
32924
28619
39563
22067
30005
56819
56697
47229
25453
45993
26600
5307
46490
55936
19983
46320
65149
79758
36387
80131
96718
90961
96329
58597
77603
104309
50795
57880
103086
97690
129677
89405
104196
63015
110954
100277
10366
129675
150422
148707
145646
139012
137516
114586
152361
129996
33688
144313
15602
154632
86549
164033
196290
53438
208201
167144
160416
143395
118453
163409
76361
196012
178565
174023
113875
221241
192676
131181
129531
162276
245924
159724
215415
163738
258524
196667
178856
256135
142088
97635
100007
178836
262311
225186
213080
185905
245447
182521
77788
68909
129517
80087
92374
152522
132847
