225
242
534
453
286
1015
1315
724
1316
1853
1714
1002
524
987
1070
1904
1881
2376
1077
1829
2575
2724
3073
2157
2855
1770
3600
1746
4565
3422
1972
1418
1135
2104
5248
4979
2408
1399
6118
6144
5536
744
2270
8204
5401
4514
4283
5806
7838
8389
8376
4705
6505
10799
6130
10220
10067
8805
1176
13948
3243
5040
7572
5972
9384
12971
12050
8872
11868
15597
11332
2332
7238
6416
12578
11324
8120
15349
18287
12193
2548
14504
11648
6714
16852
14781
14575
11292
12052
15465
20678
14481
15441
22277
10389
15335
7544
18208
19765
11094
