1051
2840
5895
5071
3328
12487
11673
14583
14273
18282
7421
17001
12536
25670
11539
11885
26562
29977
11398
30389
31952
32194
34370
34588
32361
41241
35076
15058
41255
25857
40252
48708
41875
51144
44414
52859
46232
47542
56396
48987
44864
56639
49090
39343
59678
42688
39917
66962
66281
54600
66816
61229
55549
72659
62334
70654
60595
75586
68895
70714
50325
79482
82071
9977
69402
84670
82118
72561
86259
67325
86421
65144
67475
78319
82222
71370
49917
86084
84717
74107
89931
82952
82911
78061
39279
97370
94571
85327
59143
42697
68209
94474
82278
68752
93404
82929
69348
99608
104926
82104
