819
3125
4025
3997
5131
5497
6445
6523
3044
11030
5288
12657
13216
10489
16107
19456
17937
13927
22596
25749
18934
4504
21908
27702
28921
24993
31219
22540
29387
41148
41070
42922
43856
43339
42845
47777
24759
32554
53374
53360
58677
57741
62167
48230
62254
72510
62187
42529
58229
73523
69182
72835
81244
69508
84781
77427
87236
86916
83125
17090
90787
81603
91817
99960
92526
88141
73673
94848
89160
100644
109854
104607
83454
107320
116850
72502
121844
117281
90888
122906
125651
101543
121825
129682
128020
123574
137876
126790
137319
138957
150121
134558
154644
126764
158983
113155
162213
165530
171505
170562
