1819
1729
1264
4081
4093
6107
2713
9963
10720
16033
21488
21193
21068
20469
5488
34381
41660
19556
42466
29888
31508
19052
27665
39081
3048
33818
36109
54534
69168
64274
2110
76275
54857
66139
55429
51673
84709
84560
89563
62978
30130
56906
80914
95684
89188
73091
92255
68267
68490
119607
116320
31579
105693
5459
86115
34702
122086
46282
120262
116621
104697
76364
125936
121182
79253
133800
116062
28389
42327
153583
108892
107339
186683
101890
72119
125554
149318
41474
92473
199271
145916
107830
95099
64938
95006
42132
162430
150592
205196
191654
145002
4848
180372
145709
218649
103147
43234
126988
178756
212321
