4763
7971
22006
19910
16344
9571
18195
33552
41618
12278
46638
71689
19208
52018
42700
53665
50370
59872
74654
81944
64095
73065
18131
87933
98444
99863
97788
116153
109703
84503
91838
89201
113013
297
112210
84638
129157
54810
35835
96833
15938
14749
11949
60639
153289
110880
143303
160648
109053
159223
153132
157026
82264
179774
5936
149100
182717
40343
32223
197490
138881
201548
146696
57809
154097
41710
233311
198937
237293
229216
210194
207273
206792
171638
5417
237358
236273
140830
214238
146668
211625
197326
255286
40102
57691
239419
135885
86766
221615
204647
263507
94700
254031
262496
252651
264841
243332
260504
244367
264450
