727
5461
6172
9034
12289
12759
14708
15828
15777
16173
19418
21645
23025
24524
27542
27709
31063
28709
35735
30615
30510
42879
44496
47572
46597
52080
51622
55739
56736
53307
66989
57441
73185
73193
91716
91031
94235
106991
113100
112108
49993
118858
125149
81643
126359
127849
122327
136598
134912
72063
140257
143131
132524
146580
114508
135232
103944
164499
161727
171963
175816
177835
160706
141355
179913
165518
149520
183854
192371
198285
198281
50675
215119
213916
193824
220119
226533
218185
101777
230472
158947
222560
151253
218697
227322
226244
255173
254197
253338
198392
233938
224985
188184
184013
265598
239942
230307
258321
249604
247769
