1750
1539
2538
2219
8062
10238
4316
12865
17542
15086
17801
19356
24624
22720
2700
13474
20870
12326
31274
14947
33198
35056
37444
49275
35254
38544
12802
50958
22978
42478
51826
43530
1185
57093
5188
59674
34938
52575
13837
31624
61937
43026
74495
37053
40840
18690
37759
37571
44940
71503
54443
15293
91035
80104
63482
58115
43948
31660
61892
74548
102698
29401
73235
24187
90160
104445
26755
80985
87602
68060
64976
32936
119736
21318
35767
129114
121813
76907
54998
114598
101718
89560
77114
21743
23376
83181
106979
143158
124935
81797
64652
92596
89497
56432
27503
134116
53039
35079
139296
138853
