170
422
1092
2382
3292
3386
9902
10397
10858
13808
12912
11181
18377
15416
20078
8938
22801
19676
12438
20424
24355
24907
25727
24794
14449
27081
31742
31095
19440
36863
25729
35566
30847
43458
46707
29635
38891
15157
50308
5445
52160
49167
5484
49314
66401
8058
58278
49192
20081
66486
63694
74940
26066
56936
74531
81211
82810
19011
45540
30033
11997
93269
99226
97641
88611
93015
54839
109133
76300
100949
100294
46006
113140
93823
55241
119172
55003
109735
117234
113225
114205
82385
128543
134777
138762
140792
135390
141859
122361
135440
40860
67885
150799
143386
139072
154492
159201
154539
145995
155918
