8626
4641
3945
4139
15604
15215
22769
30039
58
64442
35481
13825
48843
76698
86327
100775
86151
128205
117801
49503
92208
8995
162938
123377
122729
47957
132750
102292
4176
191898
109004
134415
117056
179741
193474
204037
181857
55061
20402
65476
234512
113880
120122
182821
28072
248098
131516
255627
157755
115617
10774
28696
185993
88700
219115
233303
96464
58514
97688
251719
163777
43599
130822
228654
247628
159924
158981
109
8378
189489
250291
246873
224032
98855
213544
10318
209560
207413
77138
206048
49209
2691
236569
193481
2177
188971
170709
83214
249023
8282
259827
178275
63557
15210
32238
46426
3384
251847
259925
77106
