3066
8797
17011
22999
21313
5944
21401
19068
19527
13705
38152
21232
40348
29302
13342
41182
43137
55706
32388
44144
33831
25955
44872
60167
5718
13487
58263
32096
68832
43478
58587
30369
70106
45823
41791
87188
79822
87228
86029
59534
53304
66964
74692
34551
54668
54311
39245
96235
48233
86837
81368
99409
106849
118180
93483
104223
79821
111703
56181
112818
63936
98554
76986
44539
132079
124763
102765
102342
56106
99088
43399
38359
124814
152454
100472
88665
147970
124815
158553
153736
73871
77467
44846
143763
103611
133295
169486
16896
145774
143182
117884
123824
159185
140874
138992
173690
168675
116706
49013
109449
