145
498
6020
11962
14243
11192
22441
17528
15843
15032
32028
35599
31021
41338
63946
11334
89003
13996
95231
100084
166730
178921
178055
170223
197128
191365
55981
246057
230445
35347
232687
207025
215906
30767
259448
263591
254620
38504
78067
86354
162063
170379
109482
1612
248447
260054
191254
189550
183750
171
152621
135397
102091
82947
81831
47851
248643
245592
207106
133873
43485
3661
48474
167422
150548
137017
51799
112817
107585
80074
261684
231298
176271
154805
29774
251697
228867
166197
138865
9793
89076
59430
33424
29015
251282
232595
165849
141934
123972
83315
76005
75855
61346
30660
25237
243776
225983
199080
187923
173422
