9524
9945
8057
9652
1852
11900
11517
19636
34103
43634
56767
41662
54765
20197
71662
84586
36092
49686
84954
99785
99879
47414
40121
122128
84226
85127
101962
89141
137717
82349
115330
126076
152988
148269
125343
60640
92714
82817
163309
83837
160730
150561
150518
127253
86572
165104
132732
211130
142346
121882
121435
132025
110593
228780
196054
167722
216624
246202
150938
261579
201859
176396
116368
90680
205423
176041
135333
244920
254550
181962
260188
224816
212453
71666
205127
178040
256555
95421
87521
87101
227244
235618
36316
34947
34041
72898
156554
8683
79353
20828
71051
257438
80908
3598
168207
225932
74092
35819
34465
91379
