119
543
4517
1590
729
18784
24163
28540
4107
21310
39974
5435
13243
45542
2365
47645
69745
58024
37484
70718
26048
86726
87707
83773
28950
92695
70329
65939
18300
108465
41655
131749
100406
120734
107714
125186
40646
134851
140669
114947
161031
162171
106485
87895
134321
84160
189466
185142
172268
1013
100955
185181
210309
218132
230861
216012
195897
237450
196380
249976
201818
32188
190793
145123
240863
183062
181735
14229
78700
36880
184513
140870
147588
156355
222
191372
217391
10564
145168
123845
90502
76629
181954
10295
99997
1226
260229
134850
12261
10531
7411
34984
29282
4308
21697
18814
48778
8508
527
3116
