65
5708
6760
5870
9438
5770
18898
18334
26654
27286
28194
31171
26396
32798
33410
32339
29034
38719
15433
38005
27854
22765
65233
60834
67177
54992
22653
14868
84520
94540
56488
29074
65988
87113
82005
93227
90981
105730
99140
109233
111029
118342
121507
115854
101124
129456
117019
134525
116319
146583
147430
125717
142680
73506
172849
157693
151157
133841
183248
65419
183487
174312
168095
201521
197752
203958
210620
115814
20399
197763
213501
211019
188337
221852
203453
180473
220513
184685
160340
233042
224899
202443
191169
237873
228226
209605
198131
162612
254589
244497
251218
261524
185060
100398
93964
177402
221883
242451
249231
208273
