6407
9225
7694
12513
19109
34681
28541
42833
17460
44327
46140
48822
46253
47644
60493
60552
39099
49069
64577
76682
67404
50145
77804
71302
13773
89529
99488
98484
100424
93621
101668
72569
33606
92384
107890
119030
26764
114270
125691
137522
138331
143177
124294
116529
138966
137125
151594
141504
114153
152282
157507
153638
167304
165906
152350
157582
151381
141837
156633
177853
191658
170897
192512
202385
196880
211579
197139
214663
214338
198139
193358
221890
210641
197144
215617
211145
113135
234634
230324
154281
247135
242192
229281
217761
243516
240412
229227
142304
254890
225894
260313
249080
16299
250197
31036
252662
244081
194944
82777
185457
