244
463
653
880
1456
257
1017
1945
2463
562
4024
1592
3964
3614
897
7206
7368
5712
7151
4287
7825
1083
7123
2731
10955
5395
7804
7768
4684
163
11010
3342
11657
12775
9734
13095
11015
13898
10550
1678
2667
16761
15333
18314
10191
5305
11352
1393
9959
11523
13389
16758
20227
18685
15458
4033
7303
9967
19791
18303
23202
12281
1283
11360
23336
27072
25359
17919
13497
12111
11434
27531
30829
28156
5581
19965
19093
6733
25340
32083
17592
16854
16582
24750
31055
21664
9230
35172
28687
26807
17453
35913
17240
37406
20641
25411
33674
32453
13317
35345
