1715
5345
15697
17664
27176
49618
54154
49279
51700
67321
17287
46181
54893
52104
4548
51351
80145
59815
106112
91572
41079
106434
54623
117008
150617
132713
90242
168641
174877
170239
126358
194078
130728
59133
138862
19427
153183
154940
235683
213134
118568
151252
252531
207077
134270
23122
192419
218812
95987
142270
100954
64767
229409
53577
235682
3697
81877
193776
160091
179243
196396
238007
51187
221800
145648
181440
126461
121929
160461
260266
231561
205085
26440
248557
4993
216283
62295
228476
201431
189350
26389
75484
231805
224748
193715
107878
104010
61035
47701
260256
215925
80093
117625
105662
234994
128583
56038
4918
264160
174459
