12748
12701
16601
436
24847
24131
907
16947
31127
32242
22816
29762
42913
55683
63840
51155
61230
5847
65908
70496
13187
72169
58642
84832
53856
86891
91389
68374
86386
58360
68452
110024
135086
78697
138262
154409
108358
76389
154604
105419
129096
87419
65430
96039
171260
116213
106636
18336
179390
205268
166679
110567
227800
226400
179005
95890
207760
193405
232208
30521
252131
235586
224420
19738
197429
73015
227250
191675
41218
257622
237428
207840
87940
181659
83788
250915
223494
151080
246797
105431
132786
105307
225479
108938
117180
217256
113817
45090
163783
73627
185945
159762
234162
177295
14963
216467
16879
9368
20522
160911
