2080
620
5208
2487
11498
18803
8550
16708
21822
17721
21604
17634
9137
29894
36275
32648
35503
18189
33185
42614
42764
18556
41225
37103
50446
49455
24982
40204
51531
22018
70025
43400
3718
63182
21028
14280
65526
16469
62829
48014
41064
84614
57970
41037
74169
81677
73279
78786
43627
33588
56368
35248
63024
78803
19762
96528
42128
34780
80301
77821
40351
100873
92495
69085
79875
58877
115376
118069
39359
70580
107849
82735
133862
106449
101999
55946
39584
132312
110464
91609
73803
25775
121286
17017
139804
114991
150055
144910
139027
49292
149408
139865
174190
177603
106621
163515
116679
53118
71573
52949
