89
734
1922
1773
1981
2091
1956
2213
717
2385
1661
3095
2850
5125
4714
1813
3026
4271
2233
5282
6865
4585
4715
5469
1907
7849
3136
7580
7878
7839
4170
7412
2887
8668
6572
2121
5311
7285
2626
11146
5696
7315
4980
9735
3127
4329
10561
6163
11965
9561
5842
6003
12697
8486
5160
8544
14262
8720
2845
7276
6333
5485
12069
16415
4121
13905
17125
18113
8713
8324
20699
17077
1329
7
3008
10294
5838
6165
16984
14886
7687
20888
25540
7448
4500
25669
15303
10319
14462
6741
5154
16728
14604
20200
25642
22244
6217
13363
6080
23312
