3017
4014
28937
9501
40906
16723
4806
4563
14923
13867
16904
63061
30881
18839
49964
6179
27672
14472
12407
53737
32448
66953
66678
83672
90580
76048
63307
15138
3644
88080
65769
77148
5031
19226
46028
73117
99322
46606
3326
62003
92322
26009
68529
149739
95543
96298
25673
34862
129034
53692
174107
33801
112322
42273
180385
124963
75864
151052
135892
75727
186620
183145
131560
81462
132862
128917
229942
244070
37334
192720
198221
35878
85265
184879
82748
74678
66748
176137
160688
158920
108778
155287
42607
187665
54432
197316
159342
68378
246000
57993
257640
141138
124251
258786
144642
208596
205258
76452
159195
100600
