31
641
698
1241
1823
2259
2165
2483
2148
1836
2861
3480
2944
4755
2430
3839
4811
3439
4378
5240
6071
4509
6363
6201
5905
6288
7777
6496
7095
6501
8283
6828
7597
9213
6503
6696
5600
10103
9685
7017
10623
10339
9595
11838
10757
10214
12306
12558
13348
7715
7676
11204
13594
13453
8159
14676
12486
12018
14577
13626
15414
10163
14810
15321
15282
9778
16026
13623
7912
10771
13724
12433
13586
15421
18545
15903
17072
18127
13741
18136
11521
20397
19367
18313
17956
21269
19736
15857
19346
22800
19512
21477
23151
20288
9770
22969
20941
11309
10122
24066
