5341
1320
11067
8041
4969
14127
32669
34342
22065
39842
36175
30893
59206
25921
58297
31427
22285
57509
38704
22081
32182
63417
11719
82963
52346
79858
20515
82679
76013
48211
86915
39001
83695
65085
59547
1949
15029
87061
108470
36939
53683
76085
53206
102448
118838
155339
128216
121300
66143
95641
125832
164921
148046
120299
133047
26839
160509
86006
171348
146480
9630
148154
143143
102254
106705
161801
79745
115856
108150
191414
117279
211551
130387
67854
185981
151449
121163
236542
207925
207742
48894
78705
149988
8551
212377
157601
247328
243757
132609
82761
34051
247330
93812
176821
209403
131900
104929
221112
148684
25619
