2107
21430
29837
35546
55858
25740
48931
14233
133890
44567
41174
153069
36551
73124
183030
159247
92393
145165
106909
36203
128808
67825
66171
16068
112753
239916
53301
87620
93948
231687
224910
215896
201912
244312
229908
186800
215735
69301
238305
257182
219598
66473
54220
93120
86793
166618
12409
235302
179467
148288
20151
188720
69231
144858
222618
210055
190680
137017
161940
6243
59020
216875
54060
143700
59156
17996
58562
46117
245514
194446
19385
196690
39445
258987
36735
29234
265604
154805
34438
228811
186594
128541
78609
126158
114891
101010
55910
134138
158447
113913
71489
211061
139344
120643
73119
51759
258124
212472
19193
33276
