1112
4270
5112
617
737
4171
9030
3387
8664
7338
7636
3276
6647
10405
13543
18443
10825
17298
13683
8199
27748
28863
26285
24740
26457
28688
40245
24083
1834
37919
43919
41485
3153
22677
17837
54071
14070
36391
46901
51190
42590
15243
44624
40927
50880
730
61460
73960
60378
40297
70832
63459
47373
55353
80000
59334
5036
85615
81456
91248
86543
97640
58789
85141
16408
93492
79651
66874
51769
46886
53862
5134
86236
99033
92758
89173
74760
107901
55596
99718
84975
125054
102113
106826
91372
117498
97327
131593
136377
102595
101743
21784
13222
113864
84838
116572
122982
80942
41499
121820
