63
387
1150
2060
3505
5051
6417
4493
6770
6830
9674
5956
8824
10910
13383
14161
9620
4770
10400
17338
13759
17210
5904
20741
8
24003
12044
12369
2527
3100
22347
17749
27532
15132
29264
9177
32189
27621
30515
29361
13126
26256
21703
34292
30094
19028
27614
18007
35731
5893
32446
31844
20286
33463
15216
19977
33508
35283
38308
32971
43901
38841
57934
48676
7339
56250
48352
16065
1010
47813
48783
29820
8766
46847
8708
59457
45725
45318
43341
52324
54837
39802
63917
43215
40747
72562
57551
50218
50207
33885
68294
49657
24107
77784
70439
61150
38722
12618
75158
38422
