35018
32932
69946
68594
21510
67223
33190
74374
103614
86989
46176
2788
114626
20285
135572
9235
132161
242969
121085
118201
164469
106175
256996
222074
244360
143183
262134
132907
147354
72674
56924
265437
195175
260897
81703
98054
66823
235279
224191
193427
17662
137416
216625
13401
56026
36280
168787
24408
194184
17763
177907
194700
151312
14653
133159
119775
57728
215523
211669
162147
79127
69777
164316
9763
56408
230603
153351
27347
58195
260053
214061
171049
251826
155009
99105
64037
171623
3718
37
187382
160582
158532
77104
249966
133702
109247
25775
245794
208857
182202
151394
9386
90849
80375
43655
9224
74474
47053
262780
220911
