4194
4903
11386
9019
13619
16912
17406
18137
22605
19820
22157
36909
40006
9139
45255
27720
51907
52916
55620
50983
60791
55373
51733
80569
70503
83914
69665
68824
83523
78743
106304
88360
102636
93845
130537
129030
131461
110209
29399
133377
149817
146538
117340
153822
130129
163172
143051
180871
192276
113183
187827
195350
35261
214769
163544
223305
19943
223737
223295
212010
233805
182122
229200
232527
220791
246734
244642
77025
262822
234386
230378
265032
258895
242156
152165
189404
139574
136458
87219
43753
37997
176238
47843
40258
62612
546
13061
94629
49650
3893
160691
13014
107020
44287
153402
70260
20529
4623
238624
10864
