3948
7290
18992
29973
41212
22703
35647
61719
61251
36442
68148
36755
67432
62211
89998
109210
100469
91123
118173
102445
136622
121945
64622
121993
146289
76174
139903
163292
150101
124027
178057
57035
206322
153600
161496
101614
209131
220743
233580
125291
229204
227330
224028
176333
251391
200919
200538
163123
208753
192279
195710
74592
261478
223638
145225
202911
89116
44787
266265
21714
71333
76901
130534
73302
236584
162487
239831
110459
128830
258202
91764
56744
253549
255233
153156
265559
197284
262622
257377
148389
98553
126319
224148
226572
179952
197343
14265
88988
9491
44543
80887
260531
162908
99817
254137
51814
20715
214161
15455
247201
