2195
4084
4502
3395
7105
7071
3816
10542
6901
16398
13033
15742
16901
8800
22825
24591
21140
27320
22290
29253
34277
27962
37586
34375
24732
39157
31639
13504
29196
52888
32913
10552
48568
47539
48053
54617
59184
40925
66016
35244
20967
45176
43054
49683
49549
17820
46769
72926
53421
40396
81647
74636
82539
40412
38989
79950
71186
82319
55796
86973
59485
95609
84277
78494
58123
75210
97200
49526
82335
26334
77581
72856
88538
121563
30417
90075
35519
16602
127205
68373
118441
135401
95125
92802
112895
109208
150167
132179
128928
141045
163700
18849
107362
152396
133780
171791
54835
155673
130701
168068
