2331
5589
12080
7934
15398
18476
20707
26022
15812
28743
3653
10596
6027
41200
39537
39798
13440
46730
11312
33352
40284
52371
15761
57946
50215
53790
51282
52682
54741
53315
61720
71129
62705
77590
72628
49489
65755
88155
66293
39954
77479
60911
58223
91790
94538
79057
44194
77667
91591
51040
90902
88119
59201
110662
26522
119370
79901
88161
133537
133410
106782
124384
90825
30293
120724
45500
134774
134763
90886
44501
12395
116551
114200
110527
152001
141196
130657
155381
138416
135188
108121
33627
107233
118161
103438
51983
150203
44892
169377
155473
131964
105883
161044
159240
136429
101167
164820
163245
112754
2255
