12984
34230
787
43742
38218
62431
77074
72775
17239
84395
31576
33402
80249
64256
76957
92347
49358
27768
92406
16771
77199
7004
93953
1724
90837
101035
41479
117861
77369
119052
52586
129193
118767
97172
127234
42382
106564
9497
163039
110182
132724
208805
117540
102734
5412
87664
33752
31878
7356
34203
19270
148014
122823
5083
187385
174648
161191
230803
264791
111470
102518
202995
199564
157806
976
30248
70251
69864
3535
103803
91502
34923
163524
82397
11449
205114
18005
133769
228555
214250
186816
89128
81389
219429
180273
104846
91952
11695
31130
26809
265471
210500
168555
87862
256799
237579
135683
102303
224335
163554
