11048
12612
25693
30650
28398
22379
12963
33122
18736
17733
28673
40717
45928
60246
52555
48060
63508
38075
31486
76317
77172
74893
70829
88934
91910
74831
73618
51456
36514
89795
86059
25075
125508
110963
123607
101484
33791
23937
132746
82380
114074
82132
58534
129807
157695
100592
118297
139486
150328
158365
185241
53007
165647
140052
194319
188135
171992
154472
198376
32325
209467
173023
235957
158059
224694
77207
174243
93897
185152
35541
121156
196375
175273
118232
207309
204510
80952
52874
247911
127397
147422
135648
69681
248589
244485
244300
154335
224385
262998
175474
189533
231502
189441
121264
249938
224667
204180
196466
164174
161583
