5111
4591
5271
9083
9642
11525
9538
11172
12561
18966
5336
16163
21039
2249
19473
5196
23259
10717
10928
22364
27222
36604
23792
10832
16150
15111
14552
14978
4274
2597
22055
38108
43812
24583
15498
56790
49092
22161
11526
12620
49283
18030
40287
20167
48443
11807
23077
66784
8707
36615
58014
48453
69844
60609
45968
48737
53001
25884
26037
85253
15252
56901
19848
14224
5278
83208
23961
80669
95410
102398
61115
60988
70767
107930
54550
16217
84004
74666
108794
99964
60694
40400
67337
84998
17257
93922
17087
120976
103418
32981
114890
99318
87165
64114
39708
66461
60270
119799
119663
73472
