116
2176
3506
12809
19384
26218
30350
25743
58812
32283
71260
83176
37751
113197
104265
114631
112500
21863
141977
50938
25552
132539
122593
105587
143867
141033
30854
81877
125412
81395
161819
149052
184352
166131
69673
214134
204226
170093
107668
233077
150860
132734
245934
262307
154910
213357
221407
208058
5193
137274
121094
238250
171820
131269
243679
88487
53830
94933
81943
230594
204739
263590
142881
52122
238162
217433
138851
232585
147716
32487
237769
206990
234919
162068
224590
544
241717
188725
122501
229644
35299
3409
42861
145629
84353
175257
127309
249046
241122
27401
228526
221939
14755
218109
207557
41083
135083
110044
17151
1386
