1025
1214
1467
2257
1502
2743
2842
3175
4786
5513
7173
7534
7608
8044
10850
5422
11051
8863
10261
13639
10624
12619
15087
12361
16981
16190
17085
17914
15687
6326
17293
14725
17786
17853
15689
20177
19971
14370
19137
11964
21437
20751
23396
19467
22914
1459
22747
19244
10546
25010
27443
17868
22890
21947
28703
27751
28211
16658
22271
28894
30023
30649
31304
31902
27230
30839
28222
35998
33907
27397
36715
32456
32848
35314
31647
37209
37198
22238
37909
38607
36526
29824
26191
24686
42492
21738
27524
43123
41729
44422
23697
44998
45804
37401
47148
34675
19908
48756
44074
42870
