3835
3497
5416
7817
16588
15870
4013
16527
22091
28995
27164
30796
29719
37662
41614
60818
54508
39572
64085
52536
72216
69125
73448
82934
91736
93787
68069
110103
127138
139133
144933
142356
123488
103666
198152
179903
192247
176493
106526
185094
197149
191285
209326
225489
242955
122199
262350
112756
243055
252491
217460
228011
134687
218116
20210
78441
41838
246087
61836
189394
257531
197331
47399
40835
18786
162858
259547
150269
94861
68262
61637
219128
194169
185936
82575
29881
219837
178094
95083
73167
240710
224389
133209
126488
113718
68002
6372
49156
258028
219503
196094
178251
9986
38583
26565
215975
191702
182064
177599
162177
