2590
6285
4523
7724
9303
12690
17498
18880
16409
24598
27746
22903
31711
9232
12922
41787
56248
38455
26430
63221
46608
27223
77010
76619
6708
89580
24242
80132
32525
3942
28698
115987
62422
87650
85606
124438
94084
106584
28990
132310
12761
134173
159766
92751
124444
12250
147985
142039
148809
41734
105354
35734
22945
178879
90036
189346
181144
127203
206682
209505
206486
89156
204817
113781
201526
206904
152898
153693
164095
228498
185918
227500
185802
248104
14032
232995
232354
263785
238430
72940
237136
88916
7797
232945
67556
259935
145892
116296
95237
191284
112859
234109
110035
4819
168131
49149
245550
230835
180990
199971
