28242
68006
54878
99659
68890
89129
65797
108991
237474
132323
66660
59619
118203
235823
102946
221598
189058
35396
37102
19858
32543
260648
204636
118500
247372
215470
35942
82240
149467
122598
60704
520
134160
40156
244608
235154
637
64463
152662
118389
21170
166599
142569
11275
218531
9976
8901
104131
87703
3482
227850
22387
173072
100918
97809
79514
57450
255267
245386
213185
202026
72543
55901
3354
224432
214942
193735
136521
105066
30905
243266
216233
201458
141677
129660
126081
95893
7410
63750
4878
47666
31457
26124
23481
227230
221007
2111
209270
159836
114416
9679
95013
798
79355
72307
69549
6357
63301
56324
5626
