4894
17601
18106
17665
20756
20215
27031
38579
31436
39349
36354
53147
46178
38449
59138
72191
14625
6267
94313
116524
32759
107230
42395
135494
52758
103270
140206
121165
93170
21202
135872
43332
5754
12296
116283
34137
59300
25468
196238
189172
176353
72133
181720
187790
66152
54272
158848
161038
128978
253721
148790
10578
236889
147353
217911
137267
213476
157297
184137
15664
221370
107644
180219
166568
203144
168936
132377
161889
864
111083
79092
258743
257206
231519
219121
21251
100125
517
241887
220363
196591
158681
72601
248480
255920
181680
135241
247286
221549
201480
173923
891
88502
128593
10324
28715
251897
216757
167082
139078
