1598
2761
3612
1633
4494
6449
8925
8871
14862
8366
10652
14709
7468
8537
15273
15921
14844
19080
21062
8008
13329
28358
6858
24239
7940
31741
28873
14129
18085
37430
12241
41125
35869
31496
15492
30924
44507
47665
49162
24154
29358
39501
39396
44518
29693
55715
38871
47960
57504
55572
25201
53413
59189
36493
43223
61848
40971
50455
47334
33012
24477
51204
49119
46526
73484
68484
4717
39389
69746
69128
24484
69160
39066
77990
73447
82595
41774
83905
53525
79464
75601
85591
66011
82516
91856
72917
31054
53942
52740
44018
41980
84317
75659
63469
87198
85519
102340
66981
100001
99206
