1175
4346
7221
23812
21015
24491
38525
24122
46435
20822
38384
56482
35218
71549
76398
47622
103079
1832
21837
83524
119731
91033
113141
41425
29863
136116
69606
153906
135089
21312
149761
61781
5649
64509
58401
72865
19982
116051
181230
174132
82325
198402
191373
83388
222587
137214
227900
172491
188560
179109
2230
214077
22071
215568
240932
219032
191760
110971
142795
150675
57687
255986
246206
212397
221767
59277
237514
27942
93038
42929
162011
129310
191491
109313
8848
255982
235404
179014
71961
32187
157891
202074
123800
520
103224
258325
20924
3432
46877
109118
33507
252539
205813
198850
246572
168489
15564
159833
55033
40910
