14644
6750
15640
21937
13468
30184
28889
45845
46031
36945
47907
54101
53228
59229
53337
59137
71833
66913
74892
953
70912
75471
71778
43033
79541
84569
98143
86254
84623
104530
86483
115145
123602
125140
129163
129884
133633
108004
86525
142634
100931
140761
149844
67770
140942
161540
151189
146339
186412
185804
132641
199494
163580
86884
205610
129180
211780
207303
202878
220583
232278
240571
240127
211349
243659
242835
241103
73754
242924
240156
262775
171062
250062
242422
257649
239231
258300
226236
57015
247277
78381
266268
265173
96325
168815
239116
45298
19115
12800
9846
110513
138281
100130
154835
94529
50519
221172
166685
82696
186304
