1351
1954
2760
4353
5230
4869
6688
13032
12864
13212
13949
18497
18123
18029
14619
13183
28495
30071
31971
24309
35113
38982
44933
42193
29053
47662
50286
53616
54739
57678
43159
52609
57091
56831
66763
55342
72652
58109
68676
46165
70142
76607
86427
70358
64279
53656
80685
98710
92497
89516
74314
108594
115928
114403
110311
117029
125369
110322
128149
106400
128400
77435
113842
104413
132085
139115
115291
126361
102815
124433
83419
133768
99228
131369
147869
129866
161956
146985
5438
161465
103819
176691
174268
154927
146967
183519
154693
182306
156598
179004
160443
198106
197445
184539
172695
150591
205894
211652
201184
131531
