1309
1765
512
3587
3274
5489
4520
5810
10030
11984
10403
9827
7647
12681
13425
15013
15979
8997
19453
12844
21355
21341
3648
12848
7254
16793
26794
30645
30405
31061
20638
31309
12688
34930
23561
30028
34713
25318
42330
27959
40939
48911
51658
50800
25316
40946
38175
49484
58396
52349
51632
60420
61846
64775
53499
56930
57119
14080
66112
47297
30721
31493
35999
60294
82316
80613
49475
68705
53416
32356
46521
88878
87680
87376
70788
98062
20645
94411
75137
77933
40965
33151
94707
85939
63629
88531
118919
64216
6026
92014
110664
13550
120931
84288
64135
125180
72116
30400
60524
135080
