2510
5237
675
16794
1805
2209
4580
8980
4478
17050
15187
25374
36380
5146
22253
20990
6576
11660
4431
21869
4175
6575
6584
47763
5048
52933
26837
2549
30748
25978
34373
52925
45893
144200
76390
12387
21631
58660
21899
90483
55835
49752
13650
11445
3880
3308
64346
79521
34758
50318
10246
44293
65219
53728
17328
19209
58668
14018
90578
11898
7913
29345
11153
71675
143845
61409
21814
17346
19353
11479
108715
63910
36253
3595
155143
52300
176607
16305
152319
10629
105423
69247
28652
10100
29895
69358
24296
21383
20719
51463
21054
48844
162288
146862
113350
86889
92710
52107
30266
22814
