2497
2567
8095
11104
13252
15763
18912
17337
6515
5520
9526
28303
21511
21826
30461
34439
38646
36359
39874
29951
41164
41088
19416
6570
49226
23712
46187
49643
49685
54346
44077
52334
62784
52716
61036
60441
47093
65733
64181
61803
54186
43418
78322
31150
81905
69057
83660
67372
86963
42596
89688
65294
95097
41891
100615
65950
89359
60542
52348
93489
22701
71286
107182
63214
84892
106329
89452
116391
106520
59019
68498
102931
53036
123169
97066
108289
33840
96161
83373
40994
121055
130323
122758
121630
85102
130333
128678
115552
127243
119844
115380
119695
55910
136506
111357
126826
50246
92361
134729
29774
