632
2125
1685
2767
3030
4569
4453
10241
10338
8585
8716
6582
8384
11707
11056
12828
13426
9914
12899
15163
5999
16172
14566
15014
16668
19347
17574
21953
21166
16768
24630
23627
23441
24951
22753
24632
23870
25489
18698
20091
25385
20759
18854
20490
12265
7559
27323
22019
24557
25269
27951
23144
15170
30074
8499
26886
7332
24541
23027
32398
26770
25706
32521
31049
30024
35281
31522
31173
35981
26964
18213
35341
18210
39385
28994
37987
20104
34485
32338
38465
27424
41042
37346
33356
34969
34161
32671
38033
10484
38726
31898
39829
30855
40972
45723
45271
44946
33670
30866
46906
