5544
5599
11903
10732
14037
13240
17455
12765
14906
26810
17974
29368
20432
20594
13731
21448
34148
35682
41906
40236
43744
52046
41852
64638
65406
64118
62766
43138
12508
65318
61998
51777
44262
66372
55344
70369
66132
71073
64532
70839
53794
89858
62525
91933
81889
39362
85537
82736
97990
87031
103451
77055
104881
56134
100799
96713
112743
96197
45227
124305
107171
107079
123660
112485
130283
66283
127343
140847
124527
103060
80508
76725
143802
134888
133468
68535
121611
137606
148212
146834
166788
109964
106313
5346
159698
171689
144845
134528
126063
177695
178841
161732
151156
150240
145474
107115
140859
135249
194424
137494
