3962
5830
36
13017
15265
18439
32503
26439
37544
41576
35874
34640
35427
42968
60362
69513
41082
77871
76420
5909
47694
71488
19788
101891
93700
39256
101915
67269
33889
135936
123126
82602
36258
107851
155795
126212
111883
27995
156176
158110
145215
17148
98494
97871
118770
116963
81712
20258
139510
127924
109855
140781
135569
58065
193617
227764
181570
155869
118942
174256
243588
165118
171976
266849
211729
44752
227422
213577
145140
262981
134025
250816
172468
234333
215601
90509
158304
129509
243441
201537
185959
107742
237798
194834
192137
193685
193602
251861
114768
199860
209618
234793
248579
204364
245700
153246
242317
179598
131508
263909
