198
202
317
1030
435
989
1120
2002
674
2315
2856
2311
1432
3940
2247
1666
4628
487
4999
4651
6293
6272
5314
5839
6222
5509
7612
4984
7987
7220
5522
4172
5521
7918
5042
9404
7877
2916
9618
7357
5996
7782
7108
2307
13181
8509
7281
3022
11069
12617
11511
10739
14434
15353
13910
14885
13335
16257
12641
12380
12055
18742
15428
5993
18893
15794
16142
19521
14458
3021
16546
12528
19403
17558
7888
14685
16420
23337
15473
25098
15249
25895
22761
22242
17161
12843
23484
4922
22922
12913
12176
16770
20915
17887
18795
22239
15684
11870
22104
10797
