1455
1681
1842
2853
2729
5037
7375
9794
7730
10874
11106
12935
11105
12684
15026
11388
14227
17361
21233
23757
19669
24585
26442
13878
25941
21368
25056
30937
20543
32220
35572
37175
38338
39632
41595
36323
40613
36695
41201
16097
48331
43817
37168
28505
50017
45554
53832
37717
43377
20632
49155
56899
59328
61313
57339
62444
56046
64344
61616
49818
47003
62992
61752
45101
41790
67509
63514
62533
61653
70726
71184
69077
73704
42455
56525
27383
76133
66397
60545
76948
6887
79206
67270
76468
79871
74720
82704
68698
83576
63454
79736
73071
87108
86293
78027
83785
65395
89425
79661
92580
