2314
4658
4525
5126
9160
2919
2407
10301
13955
9062
9925
4515
5643
34779
36356
2823
15967
5781
34312
11946
3867
47749
61217
50641
89939
41114
96360
84721
10068
76789
32568
100584
89753
63761
46334
90671
33131
29116
47055
101201
69477
136208
92055
24881
111805
6290
83906
61507
197244
146302
187604
173008
213088
114391
99265
50515
29281
247677
124783
87034
211676
225687
165546
110414
82337
142153
127054
125478
147365
194108
17736
252939
151275
101009
237703
50697
165560
426
168451
257663
179999
120808
118052
44093
187045
130750
5021
220225
190229
258883
236949
185150
77194
210005
3711
59312
144819
92202
46784
36430
