6274
9765
9831
31139
18046
34061
27505
43466
46558
46130
52698
49990
52331
57537
68256
59989
75670
67707
57322
71278
54879
83435
86960
77448
88307
59606
108196
90342
115510
119396
110649
87688
133703
131048
127649
108976
131486
152955
150400
104299
116646
115783
168443
170691
169823
165389
148794
180356
158634
150719
185806
176594
186422
126750
165334
127984
180588
158721
200286
189193
203936
152196
205111
216159
207293
111303
220056
194169
239774
231540
207187
232748
193637
177130
40799
258352
244745
215068
117357
209330
213213
196247
207120
196414
238134
243201
212180
177683
205547
257246
254855
216223
79538
40422
179105
217042
44360
142159
88532
210553
