230
803
2979
3454
2787
5568
6863
6415
6660
9244
7456
13146
9385
11436
11619
15271
11143
13964
21523
19543
23456
15364
25256
25773
22351
27473
17798
6930
28368
27680
27539
19890
8112
21857
22160
32803
26933
16795
26273
39003
34746
32276
27244
26069
37792
39364
35781
42851
40627
46553
44955
52054
49788
54957
53564
56604
58016
37172
61216
46230
50573
54073
37914
51051
47830
36486
56109
65482
70145
33513
69932
73620
67710
36336
80362
70441
79992
78798
83901
70368
42988
12685
64146
49959
83231
35199
71343
79209
89655
84769
78256
79744
70216
90395
72875
23698
98430
99865
98253
75892
