3508
8372
8280
10415
10112
12642
11581
13844
9824
17332
13480
19334
24938
32102
16487
23205
30803
27805
22912
30267
31195
27759
33425
42202
38183
36789
30686
39067
45299
15602
35739
29283
23286
33057
45012
25638
52577
36273
34159
16436
2477
32229
59079
28210
46798
62975
60427
57903
72355
41395
70895
30717
77087
16976
80890
16579
57381
61376
70642
82552
80891
91620
73623
66432
104568
9215
91406
30514
48686
99728
94630
104062
63257
106565
93958
115761
119986
97034
115819
119659
98906
56054
100153
87660
43579
116166
92398
53015
33230
133750
127989
111393
67530
119211
63947
88545
81518
74268
138898
127336
