343
7056
11474
3980
15350
7530
19925
14360
32153
19293
24278
5903
30298
14861
49134
51527
49265
37684
40558
66558
47158
53427
47409
5118
20720
79963
60285
58216
12434
33483
91170
93095
115004
90322
82740
67925
143632
97883
107413
159580
49952
170206
75100
180240
11417
98053
13669
5737
161652
82353
48086
203207
168322
128185
144265
177011
166423
185765
137554
7142
264676
131889
252078
206069
132522
55301
213208
37028
202712
264069
42327
87162
225157
63179
262301
222722
94113
170228
138465
145673
248645
152626
26590
235640
241399
218899
67436
42134
221539
143773
212210
154390
174195
164462
104272
208718
186523
205184
260639
11842
