271
2621
3794
2523
6504
3215
7581
7985
12300
10989
13976
3591
21648
25836
23550
18570
11738
26154
30894
21764
27150
11160
25590
17489
14252
35391
37936
26957
40225
36521
42079
27071
38196
28514
42149
22533
25835
42305
51614
27857
27483
41236
35485
43701
52747
57029
52730
44107
54701
52676
18485
36249
64373
40084
35267
55863
63542
60283
61560
72288
60983
23365
41637
54918
48389
50818
74493
82803
48064
48236
79214
55454
71109
40958
81035
69978
37719
85061
71353
51628
80202
54836
93717
57502
6978
79496
84044
42021
79227
46265
62377
101762
91623
46899
35730
106867
65536
73847
67329
105296
