256
636
5203
11221
13100
6057
27196
27083
33969
42259
37383
7881
8493
37508
40666
10061
48007
7410
53517
42921
55031
34500
20743
5626
24472
36081
57901
66173
36607
58895
65156
70402
17632
79411
70901
10153
96765
64078
53622
90174
93683
69709
2011
69040
18807
9630
60564
135989
27369
128382
65341
26223
49077
138447
83401
71907
142080
33249
125231
163549
51320
27942
129533
35796
116980
41284
180991
144936
88711
70340
39109
156041
106426
150644
79514
20298
57967
132403
128034
179215
127532
3878
126696
174578
15167
115866
21501
61800
215621
207813
162072
112521
90569
76395
218002
94909
182635
180025
80062
65278
