339
1308
1152
1552
852
1295
2265
1408
2841
2634
2378
1510
3491
3104
3602
5016
2278
3144
5931
6200
5756
4468
7422
7915
8539
3452
9641
7712
11028
7129
11060
11582
11853
13082
11049
10099
13974
13379
7418
7969
12417
13333
15083
16649
785
15322
4424
1860
10497
14936
19568
17040
11519
15591
17096
19259
19304
15678
21751
18901
16221
20339
26063
27450
23405
26572
1090
27948
19710
18796
13932
28779
30433
25546
18925
28985
10741
33892
32504
35461
34045
28987
22061
6087
39704
36783
38008
28224
43126
35318
39105
39007
33649
40620
33990
43334
21667
41901
40977
45778
