183
269
2258
604
5477
13511
8036
11569
15464
10932
14692
17109
5663
17325
21078
22513
6255
17413
29972
35096
27234
3895
36438
32640
28437
31223
46891
3960
32987
42498
52329
38408
60079
59477
40712
60530
37583
68170
68771
21480
44817
41240
50744
73315
62127
5659
78882
77610
71737
54285
68719
67433
76197
82236
71136
76956
103615
84190
102768
94108
94440
34719
107014
8300
129079
30942
75381
136053
96810
17626
131390
57759
131138
15671
132613
154002
141016
61252
157264
141624
102545
75845
158819
157046
103045
189091
63484
54987
77907
169430
169361
207686
159915
109162
173947
211116
36477
168019
193068
133891
