2134
3607
7754
7579
5222
7292
10749
10325
8151
13117
14357
13040
18647
13229
14688
18888
19477
24621
22500
30633
20838
22983
26695
20811
33158
33883
32894
12905
41467
20634
44393
41718
49186
43323
49562
50113
49407
48716
61629
40628
60381
57558
65691
59563
37441
56257
50877
59838
31980
67125
14298
15422
68386
70823
79460
73604
71401
80243
87992
52535
56709
67997
66984
62940
84471
83974
75594
91658
109894
109743
99544
104634
76544
36132
91891
111317
113924
74992
113763
103106
113514
76743
77073
66133
116668
135920
135794
122531
136883
73846
137999
103453
133317
118603
71679
134012
87408
118875
138176
137623
