11451
6598
23368
21515
27602
23682
14915
35820
44152
46964
30677
47921
25327
9050
32943
53785
48586
79302
69899
71477
30678
83050
63600
91985
86201
69021
93869
81027
112344
76532
44087
71471
49814
76036
132842
99362
49344
110003
37496
129603
100990
143537
120606
52613
86751
88561
116121
45886
156378
132132
170756
100819
148975
139998
59516
55480
129798
114731
34137
106639
166757
152392
147431
125737
174391
211040
205011
196122
162265
202346
143439
229027
181711
128552
25159
222218
179597
152471
128135
239585
181360
160748
131076
112459
80811
251771
198429
260326
216942
146688
189474
100256
209616
60419
153206
210590
61106
126834
5231
263502
