5807
26587
3790
46715
45828
28429
35677
51978
32642
13697
58192
55227
43816
54322
80518
36923
51109
66308
91676
86303
44178
95483
99400
59113
70924
90776
127735
62638
59092
46710
33266
38261
122034
41841
195534
198246
128778
30683
49497
180345
134854
214741
223342
82946
233109
114059
258897
223924
205542
155484
94406
262840
134760
65227
206159
138855
243978
175963
254677
125877
227264
106038
199795
181499
169564
157205
258557
173596
210988
226913
220604
165544
235945
233751
243737
124821
77345
200769
255116
235707
230348
222625
258958
198184
27129
150161
224618
219772
212082
153678
100631
214301
112835
242697
214922
39608
30511
188004
137449
119161
