3543
6059
5849
3330
7264
7645
8467
9343
11572
11456
12152
9944
9565
8517
16453
15917
11273
21750
18870
17627
14167
16240
22436
17183
21972
8191
9584
27714
25517
29883
25458
14938
31270
15737
28109
29758
20667
33081
32838
23587
19471
26288
30609
26038
29901
23367
33113
31597
36708
34435
22982
34377
32813
31681
15910
37427
19629
41847
44498
41769
25821
39678
45569
28959
45807
42516
14397
46655
30364
45257
39242
50621
47816
49131
47220
34066
44170
47277
28350
49411
46236
56155
49468
49141
48066
25981
58883
54318
28635
57246
51785
45877
50232
47776
44573
23891
53326
61786
55238
52919
