1451
1436
1110
3275
2982
6327
8222
515
7539
8408
8647
11111
7098
17324
12785
19757
14445
21558
25155
15621
20663
31497
34215
39062
36529
9763
27791
3133
56606
59698
6109
54727
11983
64708
65050
51207
58502
13810
62793
83636
73982
56249
75734
41683
4534
75792
31889
117950
89206
102802
62799
120066
118048
74880
87579
134332
40397
145561
95298
123125
78227
77968
121351
134274
119134
148811
144587
134855
141148
172263
122553
99082
78469
177045
101025
92205
180709
37425
158597
179053
198583
183423
134243
41424
103090
90113
143570
217526
214534
180682
180207
174898
182159
3871
163708
106297
72189
222734
215439
118245
