1974
4217
5962
5716
11799
6666
25728
15426
21695
32849
36504
29324
54971
71216
74120
646
52666
54038
106402
136456
89430
132754
112330
163455
79401
107606
180348
178046
125384
124688
87292
131130
57323
206767
8588
74355
59539
44367
150633
220100
242058
192897
163462
148759
205533
132543
6938
197392
2318
168986
251812
73433
206738
129863
56247
253832
49571
252483
248855
176638
259487
232423
219519
183007
62037
238651
181835
174653
194072
113213
84309
191753
171036
209258
145527
140416
5193
83171
154728
256160
14447
176394
263937
195627
49270
83272
46083
196677
164197
110271
42827
90285
227897
105870
39152
134159
82472
7952
143787
46449
