613
2782
3487
4224
4354
1445
1656
2498
2956
5202
5939
5825
6258
6332
9663
9792
10448
11635
10049
12070
14645
12734
15928
11987
13206
10292
9059
15908
15753
11957
15051
12622
17814
14970
18289
15024
13735
11193
20119
17480
7352
19919
22057
20830
20185
21120
24079
21387
24364
22984
26604
20060
26713
18538
25286
27719
11993
13776
24718
17499
20335
4742
29941
25483
27282
30160
21903
25987
29447
32409
23616
33642
27250
13049
10174
33186
26405
18718
31227
38379
32289
31842
27623
19301
39654
32822
28949
36680
33491
31698
30606
38410
33617
22457
43089
37157
36488
27950
45138
39526
