153
438
376
1973
1925
1955
2676
2977
2594
3540
3413
3906
4276
3324
4161
4857
4859
4159
5676
4816
6385
6993
6535
6035
6834
5964
6145
5400
6866
9472
6946
7769
5845
10197
6509
10428
9060
10798
10882
11841
12599
12314
11404
13029
13816
8851
7889
13510
13138
14729
11077
8464
10742
11927
16681
16475
15194
15876
11223
14102
2708
15612
15991
18011
17922
17366
17104
16348
9319
14283
19172
12242
9536
21127
20061
19646
20361
14877
20872
17386
21709
22508
16634
23225
22294
21771
14003
23390
17817
21960
21076
24560
13087
25430
14324
18840
15988
19851
23109
21594
