579
482
777
1674
1874
1800
2719
2818
2781
3179
3414
3504
3809
3984
3787
3246
4535
4579
3577
4221
4169
5339
5592
4665
5753
6119
5873
5765
6219
5928
6311
6609
7222
6716
7233
7638
5759
7962
8074
8256
7853
7428
8778
8985
9082
9119
8957
10149
9441
10401
10296
10803
11013
10761
10385
11394
5758
11594
11654
10859
10754
11646
12745
11603
13096
11850
13099
11418
13772
12545
12223
13280
14274
11578
13960
12529
14840
14825
14276
14635
12002
15263
14738
15756
11963
16303
16048
16354
14892
16451
16359
15982
15909
15749
16926
16806
17392
17507
16566
17833
