2133
8609
8823
12677
11791
11866
13668
7506
20975
26579
28900
25044
30530
29487
32851
32039
32290
24356
37258
37796
25735
24830
32474
28001
41975
58279
60238
59456
65095
71979
54925
76762
44313
81107
73363
58059
82773
96119
96314
99571
100394
96495
60999
106057
117897
82192
113211
104858
106974
132067
8742
139205
87503
149311
141309
161414
142591
164413
129262
175546
163212
173793
100034
174395
125987
129810
118597
111313
178563
192499
165456
206020
176001
206722
163234
212828
105336
220823
180746
144686
138155
157662
185335
222219
203340
193160
223447
203668
235796
225767
242339
218378
196394
168312
242246
250210
262536
247466
102973
254719
