6794
16011
22180
27508
29645
40328
31376
33912
31367
43782
43664
42146
61801
36339
60254
62014
52957
41306
90050
62809
80463
77027
91900
85847
79378
102115
99220
85635
100761
77987
81574
112380
107855
129868
122941
136301
125123
122311
153064
108375
179439
134117
182204
194015
132835
189176
156328
167853
187605
179645
137673
221851
198887
165087
167232
126044
260929
164504
252948
258288
234030
219360
250718
140804
150261
222686
186244
139161
51950
242302
245964
233914
138496
140026
248062
76290
157812
67103
249597
6975
55565
177715
179309
109149
79168
71222
1730
160565
113972
99737
9352
81043
4600
39741
182791
17404
128165
113979
7891
62736
