301
2054
3502
614
4513
10480
2416
21710
20437
7660
26603
2875
19507
18628
10507
22591
16288
5748
37647
44828
55354
4976
31782
10862
6084
21161
49585
703
2454
26409
22699
51917
49438
65353
7059
58727
61247
61126
34213
70230
52906
28241
59063
58715
26482
103732
47059
48936
92557
2321
21205
15792
11405
61416
133434
8210
27973
126904
88111
8613
75514
137782
13031
123669
98128
27814
60348
78639
117701
12909
171116
51857
46853
38539
115525
84824
125943
17140
41451
1849
175260
136931
32308
65648
55600
196363
187798
32126
165948
222077
103526
195659
144130
67670
66131
57416
131717
218972
111618
43623
