492
431
1726
5784
10981
9833
3391
20124
26997
16957
28233
13576
13164
17550
31675
12799
1386
47112
42861
32550
55473
70252
69366
52122
51501
70940
9799
54891
67834
74674
110256
110809
123263
66004
115130
59391
106768
117285
132421
109982
50161
48833
38576
37807
83272
134089
131018
138549
158850
8134
138471
185085
43893
189920
90390
151395
138647
134087
79417
171541
117700
176865
42852
12369
135685
108513
76998
83929
33228
184515
160856
113525
208076
141912
123010
93146
185718
170130
104141
97612
245239
210133
242174
227774
217971
162068
235549
219035
165751
103659
248888
238003
129510
57017
264827
216343
207230
172574
89505
35697
