1987
1697
2476
9489
6691
15313
33871
16618
28256
33827
8477
46940
52351
46492
51852
65871
77790
65547
82077
58424
78982
58874
83323
92075
94931
17641
77183
96979
93698
58804
6475
102903
77828
90231
123484
129576
113882
113318
125157
132578
106965
134115
145841
148300
141050
134667
151149
155834
157272
177549
190522
175528
170151
179680
211051
209799
207182
214577
212496
224730
1896
237458
61924
234253
221124
240140
197883
212521
214402
255693
95768
7876
248247
40714
173087
165973
249009
82455
77768
263376
97893
210925
67947
14652
213341
82430
55
140265
108789
98903
96967
222114
151633
5309
3478
2779
4599
229407
11867
39583
