2651
3662
8768
8890
15878
26528
25456
23424
46816
34057
45222
28071
29023
43056
55820
61346
19193
53685
63299
54281
76466
121092
121371
37509
106295
152642
159074
118588
29774
177517
112817
183071
33424
97814
182724
187553
66580
150668
199611
26556
93130
89076
173126
220415
199222
139800
76005
210241
91141
199080
256489
98623
160249
253527
204167
38670
156302
117304
6886
256180
205189
184183
134540
50858
144693
165655
35347
237714
221143
15560
227566
149053
1029
211582
33621
193596
134385
6063
95185
605
102328
75855
43485
146024
131501
59019
78067
244746
168808
9848
49643
253068
163173
141934
1366
252346
46612
230196
197772
15032
