982
6010
7900
9807
9268
10948
17265
21567
26079
30689
27168
44006
51566
50105
54265
55686
13912
52774
32018
74978
74338
83746
58746
95588
58612
103119
116580
106292
126786
73560
126650
124484
101922
127995
135191
132700
128721
97484
153475
155416
123551
158907
85857
167137
160742
138605
67299
173720
153870
135832
124148
190204
183146
1474
203513
150954
202395
112354
187630
132838
211789
189836
192783
206300
183273
224827
2159
203652
200317
156647
209521
231641
134295
223794
204614
209172
175354
227960
230264
210359
257286
262383
200937
167298
254729
244039
229614
262132
243209
208734
261660
74267
45652
146873
238689
245788
211702
256521
116549
253030
