1433
12737
19459
12079
19577
23012
10013
33604
40570
53465
44173
44919
51331
80565
63136
64362
77992
85538
47438
88922
99558
89832
105962
111831
58246
107065
106119
132884
124636
123336
153798
154482
144916
178300
89674
187647
187915
180516
13204
191997
184411
177550
156943
185390
153827
181187
162421
203346
199336
223321
233819
178076
253169
256917
265588
222946
236411
219645
188504
258899
5187
9139
78010
248453
245776
169375
216235
142587
61341
118902
15605
62360
253470
189381
163194
42673
52011
9354
6223
149325
10239
33824
166330
162652
103601
57514
11999
96551
54952
45653
40664
3062
257154
18433
156486
155780
154426
15006
139909
104083
