2344
8084
11078
18457
15619
47358
28658
58527
44255
55105
30446
46787
70801
40937
70753
77692
63101
72684
97779
94330
64930
87391
75957
98629
118860
112449
100624
122892
149388
153079
149811
102220
38583
144193
153102
172009
69279
185874
140114
205364
211514
163955
155860
139433
180889
9493
210178
197889
256657
246316
236070
92781
210716
245662
250438
249922
238261
77303
243019
256882
194441
165760
134222
49208
210138
175940
197240
172937
91479
251511
34379
151087
249555
216323
149451
254397
95701
37942
37927
7757
246542
24182
7765
1459
192533
95460
209340
55817
244770
9051
13688
70195
32848
23697
199918
216987
5422
265333
263865
131456
