531
1314
1251
2859
2945
2327
3368
2345
111
3890
3908
3996
4458
5096
5391
6153
6068
6391
3213
6891
5491
5320
6659
7235
7784
7681
6826
8405
8916
7414
10224
6874
6998
10923
5205
11342
11091
11270
11665
12749
12470
12418
11677
12135
13217
12031
13190
12195
13596
12461
12992
14973
15214
15068
14029
14984
12810
16701
5436
16883
16178
15066
13168
9217
18427
18086
6908
19016
19934
8959
17225
21390
19574
12021
15323
17629
22034
22038
23080
23345
22618
24072
22862
21037
24247
25229
14599
25530
25624
24660
22822
20602
13582
18112
25826
22612
20135
22289
26767
27800
