14653
17763
36280
2788
33190
66823
200719
121085
56924
266884
133159
24408
153351
118201
215523
77104
235279
21510
194184
186085
9763
194700
145405
168787
265437
222074
20285
99105
67223
177907
164469
135572
58195
32932
13401
81703
3718
157534
9235
171049
98054
74374
224191
193427
46176
25775
229973
64037
256996
251826
177092
119775
106175
214061
172640
132161
108884
57728
32100
244360
192407
171623
139353
138629
133702
86989
80375
35018
253457
139164
11265
10246
79816
79127
69946
41000
31660
28878
260053
222088
21743
208857
17662
142252
139211
132907
104671
9386
7680
6947
56408
5487
5146
43655
41390
40393
40266
262134
255605
245794
