3203
5091
4922
4089
23201
19399
70528
12655
57865
67042
52991
73040
6958
38249
43161
5993
24120
60155
72054
122436
34871
16455
27349
111179
137049
68447
101181
50104
35724
57559
27575
49239
115119
90212
157952
46831
128075
164630
117086
93972
17037
39426
67250
36928
28356
25102
151064
186590
63304
35816
1895
82428
249342
157915
117730
96809
59848
47339
179083
152314
47033
252597
248327
7108
105356
91017
56942
48332
133839
111256
43329
101042
41666
150638
118443
98515
74922
15778
14453
249197
63737
25892
44083
137253
132228
41922
435
221904
168009
256187
128066
260340
221266
12641
61659
4651
239778
42312
16420
70199
