462
495
825
1390
1181
1844
2574
2593
5762
5666
5147
4294
3115
8059
7237
7167
8617
7826
6180
9602
2583
11638
7093
1291
12288
13360
9668
5185
15044
8172
16027
14400
18797
16144
25701
22095
14584
16782
24933
26921
22566
30623
28683
39519
38816
34272
20007
35086
45558
29528
44976
1861
47881
34525
48097
1119
12272
54269
53797
44749
53854
21797
45439
20024
11290
60855
36639
62997
45411
32513
64944
37711
70082
12718
14793
55791
40733
69015
13753
73514
60898
69116
59929
41694
64390
69206
48199
90006
87667
48546
46471
93648
24291
67357
53208
72281
16626
85657
6395
108593
