2610
3484
6141
12832
10342
13350
5920
28331
29953
28860
26263
40966
37131
49853
40119
50364
59586
58750
64363
68034
71911
73769
79139
79094
68003
42243
89352
78749
95277
94845
105052
115226
86875
47284
85438
109688
68908
139297
138147
112114
144778
116416
154323
156994
155980
171129
165533
177485
180121
152457
181593
185088
128817
202799
128467
207843
169205
178760
178087
196376
213879
219905
215793
233760
208546
231041
227784
240618
225876
225510
236207
221200
220742
13080
228894
118613
197904
219602
178754
176902
256927
237259
208187
266732
156184
263069
253381
32661
258104
234896
171731
161622
255881
196243
207662
97664
255031
206065
204721
6548
