9457
11415
21683
4230
21022
24178
32988
29323
14636
46396
22366
42914
38286
22803
62927
39407
52063
53533
52621
63522
3513
79233
74539
16214
94663
63502
106401
99905
108334
96439
41379
75348
100667
127982
131660
109507
137864
35166
151187
121988
121413
73621
175794
127958
101166
187311
180985
80326
53998
197574
193976
190833
167818
195836
188764
186358
152683
200177
166128
157697
230774
218715
54877
96571
245097
230595
231345
207062
205029
218141
177121
259206
177522
251535
238290
148824
113517
252035
234064
188260
134178
91527
223507
128974
231655
112362
37088
207832
108592
78302
238659
201539
164875
172020
180754
147192
215424
176548
128286
179364
