12425
10133
22698
26266
26485
29242
28163
29385
30343
36237
35832
36794
22621
32076
32741
29488
35471
47798
51522
52146
41142
47893
56037
43833
59195
58491
32980
55558
50766
57581
34912
51740
66941
69049
73717
76992
75606
76445
81324
71597
85343
65017
92187
60899
108501
108286
82468
108069
71244
116054
117440
121983
87894
114648
122178
105661
130675
131763
135229
116148
40002
122624
122118
118147
122535
145372
112216
129724
82473
88435
98113
155311
120087
108555
156885
117361
163084
136326
60821
160562
168556
174647
174084
171728
157237
36595
138065
185678
175890
167628
171295
85771
195176
177395
200970
194258
8159
143271
205611
197104
