2785
6102
4808
13056
11050
16058
11058
18050
9352
20675
17404
22208
25027
27170
17477
28700
27515
26823
29689
27523
31297
32040
31174
33575
34225
26638
36891
32206
38224
35017
40490
37162
37582
42865
30156
42462
32141
52216
51469
48877
39902
56455
32854
56818
52736
59081
55449
52533
58688
62238
51094
65458
63541
40322
53893
55565
65682
40231
57180
66270
69370
71945
69793
68835
63288
74483
72964
73417
66340
79134
71222
77165
55128
77271
73692
83218
83741
80736
81727
78198
70131
83612
82512
76356
56833
68067
54649
74945
86647
78750
77016
79265
90940
85907
93093
96645
96227
93634
78823
98612
