18690
88516
59853
13837
54055
49772
27503
29401
118986
17397
123300
60334
23376
70222
111469
77696
80897
64652
153211
213846
183313
175719
75583
3718
64976
114016
90148
101603
63219
86239
132384
110483
169263
71104
259027
209082
163857
247132
166832
163899
120630
49877
675
51517
2700
247702
38574
199177
247336
235195
2219
182713
104333
209070
85876
92596
8062
61892
31624
184857
79891
38354
2538
59674
54443
47995
37571
241081
10436
23417
158912
243298
114346
114084
62900
15086
43026
213478
19356
170469
1185
72852
51826
28272
139296
123136
114598
92953
81784
69946
248211
193434
12865
89560
75372
70446
58512
3492
237799
223413
