955
1993
1438
949
1469
2794
675
3262
1805
2549
924
2750
3561
4896
2209
3353
3820
5070
4566
3308
5752
3880
3595
7968
7520
5687
7963
7287
7635
7728
8338
10079
8757
8064
4598
9979
6584
10020
9731
4175
4620
6575
13376
4478
14704
8970
13321
10100
13254
14518
11687
7493
12180
7913
9357
8105
12755
11479
4580
10037
18385
11445
6947
11888
14374
8610
3005
20187
19200
18090
8917
14440
10629
20691
18997
6576
11538
19641
14018
8319
22265
25816
24519
19750
10246
24713
12405
9428
20995
23914
11898
12917
19959
17044
2005
24930
19224
23037
17328
28435
