1263
5075
1320
6969
7584
8248
10719
14292
12869
13147
13635
19412
19930
18064
22428
16671
23129
22599
22505
24748
25053
27429
26622
28789
29298
29878
30363
29741
32696
30060
26259
39325
41378
19842
41736
35194
36912
43578
39569
51713
56520
41760
56846
54158
50998
59944
59709
59432
56497
57276
71732
70038
53879
76294
71137
66295
66658
49633
70512
80347
81004
80392
66326
82014
84237
83981
76880
85791
79246
70658
68710
68120
67193
56028
79962
80817
92627
80624
91928
71622
96177
94093
99072
79243
62557
100507
72696
41690
96480
73262
104094
85224
109769
109524
100231
100193
112878
107543
113663
90340
