5471
6971
15570
19551
20455
27703
24521
29563
23743
25399
29907
43144
26226
52620
51147
53677
54628
62280
66165
61797
75576
59595
89078
87263
78546
88094
35214
85466
72997
92471
94552
81893
96738
76264
15461
84148
112593
109515
120613
125934
123328
119885
130306
131074
126144
104626
133162
119225
135081
119470
141893
139053
144882
92603
155566
160606
164632
157408
161921
168841
161381
176055
182156
166112
187806
187906
187618
202136
198002
193462
127392
185435
175824
134668
195274
190266
209512
217504
203310
195558
180287
161503
160868
217123
115034
192048
189443
229709
226837
229662
228914
236983
240134
236912
237222
219828
247496
245323
230042
181225
