263
793
3209
10393
8565
8547
11733
14335
9208
16725
1205
19185
12567
10884
4428
15136
24235
3248
32773
15616
34570
23215
8599
45694
39815
44572
20355
50622
44421
34547
29868
25887
35302
13566
7342
49743
8465
9907
31543
53776
52373
42591
15057
14091
4014
28534
51562
9447
72847
33933
61883
70389
32839
39554
50268
51849
2066
39148
66511
8124
53253
30259
87677
50752
58271
37278
16385
101697
85280
55174
9841
55845
17299
12213
74679
96374
74275
64556
87073
46318
9015
7535
116853
12450
81630
104912
99448
86873
11827
74071
72495
40249
61864
142210
60891
140384
23657
101157
123084
144912
