6279
5779
11762
21132
22173
22174
2960
15088
27309
26661
28257
27506
33241
33187
32239
35957
20324
35404
35848
43996
38447
39679
43637
43279
46882
43761
55057
41799
51847
3486
51400
55114
50123
62884
55367
64312
63671
43412
42302
71485
42659
47449
34253
68202
76088
90150
80807
86081
76489
79508
51429
86655
77817
99382
98272
96521
71728
100551
47895
14107
100374
37359
102797
92859
108698
95418
111307
112761
116396
114196
82283
115455
129059
12453
138195
134382
75441
20826
132081
111108
144540
111374
143630
138242
99828
136833
150431
137239
165110
154001
137455
159876
165861
87455
170863
180687
155500
163503
137090
150272
