3063
3798
7074
6768
8906
11518
6644
10332
12107
16632
12061
19218
22489
3989
24439
24327
26128
26898
27481
22645
21669
17123
39707
27651
43254
38460
44135
51106
55475
48980
37889
50399
61290
32001
44602
58031
38723
40455
54556
49055
72040
39158
44705
74356
60950
31995
89033
83992
89917
96229
92042
90337
86243
81505
108302
71553
51623
86133
105516
103883
93544
103906
22631
92416
48978
92466
119501
113096
95849
135806
129384
145606
107996
125096
91743
130345
147352
153263
19953
134434
140565
130091
124034
111522
164023
106284
135309
141367
108041
160542
98721
158977
146676
157863
152599
133764
118881
79345
166135
93092
