203
552
585
1004
1219
1248
1065
1216
1640
2147
1898
2738
2763
2778
3193
4073
4396
3638
4537
3916
4181
3217
3795
2748
4769
5020
4958
5602
5078
4662
5722
6040
6532
6394
6019
7043
7363
7735
6753
7860
6323
8744
8555
9117
7690
10183
8792
8856
10115
11236
7160
11724
11485
10966
5108
10571
6672
11847
11892
12237
11107
8875
13135
11371
13524
12664
10124
10898
13693
14356
14667
14272
10275
11801
15608
10789
12682
12323
16042
15378
16020
16153
16310
12800
18253
17006
16929
16009
12043
17856
17411
14911
18493
19360
11731
19786
13539
20819
19046
16113
