25120
26841
16352
24935
36816
55196
60192
57965
53826
46950
77582
45960
44660
54565
16036
81013
41355
152875
154354
111876
146918
55401
148475
174557
12867
40684
9505
212370
188331
47451
228742
90245
102972
50112
123110
104518
88584
75905
30250
66064
59845
221665
212049
194586
232351
10253
148807
48561
113409
212750
78613
196898
146908
99920
196350
204471
12226
223604
128221
84296
263246
143529
111552
532
163871
238749
200592
128004
145039
18188
80057
5978
3432
255295
111051
259879
256499
108690
53265
126736
622
82021
95887
5649
238822
67212
254605
25445
164473
13100
34097
21235
108737
46822
249289
210204
181234
78916
68207
25233
