12257
14047
15182
17790
19572
18706
18133
15005
22063
22745
26133
26549
30516
29096
33409
27967
36082
35529
35423
41055
39473
44394
37424
10406
41834
54695
52174
57796
54362
61732
58637
51593
62651
63235
59927
61414
51863
50210
57621
63797
72346
72874
75181
67347
75871
81215
74790
67245
77216
86193
81941
63161
72780
77077
82618
78662
95069
79002
93101
92780
46801
113659
80241
117476
111699
100656
126495
105791
94021
117362
115313
83586
126451
118674
134884
128693
124679
135943
3685
144117
120574
143623
153712
133981
142625
134788
121504
128715
112930
160963
147751
136528
105270
84852
117244
61973
167859
162380
153563
151984
