2275
7377
9290
7507
4587
28586
37610
43115
33387
29833
57461
56611
53881
45179
68878
53674
52464
75966
6202
82206
93083
67981
109086
47223
1381
76095
97869
116126
81708
101442
118253
74584
130715
161194
109346
73942
113709
168414
129513
163458
161561
180352
167215
156025
200854
32780
233078
153390
232844
150637
127915
52664
210803
20021
260418
174790
174170
258847
240617
236677
35952
261309
246992
160096
73130
53676
264407
210024
251537
151465
36979
266407
251080
219154
117874
249643
55250
108183
204413
12752
264289
150787
6490
84925
40361
121438
248563
132406
131337
5028
179582
150897
87288
85459
244864
237219
51909
27451
228290
75954
