2848
3803
1354
8665
3067
9843
12924
23766
21642
15743
13881
38159
25136
39284
41536
54282
31721
24850
31590
63616
67446
21714
40519
81423
72456
78236
45064
26748
64602
75745
79010
26573
76234
40832
14110
115438
40848
75416
96479
50768
104790
61661
14216
103788
55860
92124
88173
133621
81372
129065
106939
97556
87289
157608
77110
59240
143078
141289
104035
146140
36913
144736
96401
100588
103252
90690
147825
88018
128675
116659
104809
82170
15851
50658
116739
148242
79625
76875
64005
152063
147980
124549
101729
25240
201056
2974
131315
153919
207114
65408
208875
28119
214091
139655
120622
44888
208865
189771
183021
148136
