3836
1531
13413
4352
13890
27560
28127
34845
32304
44253
24891
58939
48857
44040
76392
85631
88802
62932
85805
87625
12711
130738
94661
131941
117598
101964
126627
70453
45837
190909
122642
120083
143589
131064
172205
171330
137149
136824
125471
114817
100497
27011
168786
92779
210696
188363
129871
221383
22158
147088
183592
160059
247617
112177
203082
191367
265335
176805
159481
222512
152862
244558
91408
196255
137217
225139
205284
252647
172199
183942
199048
193653
23316
236577
99977
95247
189143
261565
23094
1858
250051
205804
259514
87621
62462
165985
151030
13691
98613
80602
240711
186002
156061
13341
6267
59052
19166
10013
190628
164811
