716
9445
3569
11852
7242
10829
10632
17149
20356
31131
15488
36744
15607
26796
5926
21016
16412
33010
21944
22163
35090
37110
9687
25282
22797
20128
18333
20420
60036
48563
81148
58809
87065
73340
72620
98830
86244
20538
66239
79425
71016
52525
37940
14927
127267
112420
75145
75281
120583
27548
17535
76601
67054
114705
68571
12254
114462
82876
93702
133135
93782
50171
176268
126557
56915
177838
50359
42336
154113
153863
176480
106293
91175
170583
155342
62363
106405
92776
72215
39795
37435
35718
71398
19761
152168
150896
125966
86666
18671
163938
101760
216652
156145
108542
234087
155870
125339
105699
204861
28916
