1774
3181
4190
17772
15891
23088
24478
36881
65826
93852
91976
82776
45068
83016
121384
105338
62138
75204
52143
59959
207873
48947
218260
187326
164626
218094
209942
77822
52901
249663
72872
46333
245474
102009
252796
59967
149697
114716
254102
191188
184998
77111
124776
243467
215620
150752
225645
162284
107914
121162
231466
32283
227965
1080
177225
111897
104448
139864
135745
230429
197043
166508
15344
12687
53634
15670
16134
14939
25231
206099
255853
1684
165054
161005
148978
137682
10982
181479
30743
248660
227925
216236
101973
69938
162415
149389
85851
192271
120174
11875
101769
77011
62040
61261
36665
206485
168049
15103
10472
8263
