7434
4867
7063
12137
12772
13999
7622
21354
27104
26867
16605
29259
37470
36565
28322
26308
18691
36017
49056
50711
41434
40292
49219
57265
51822
43415
59713
66892
60235
62036
70612
65519
68678
69911
82152
80255
80464
74667
91701
89949
95503
105950
104752
115366
107152
115415
116862
98549
111267
76650
118027
136315
128224
110685
138346
142498
138145
138300
153855
151477
151331
148079
123929
42934
158842
130489
180402
176182
174683
153963
187994
189557
160833
160370
187936
157503
177351
204201
197347
181482
200605
198672
178439
96761
223973
185222
211997
217115
233375
226890
241305
228904
212769
106383
211279
258861
243024
262051
241932
222484
