2131
1736
6252
9348
9594
11527
16505
18623
16855
19444
20988
21682
11457
23879
21380
23317
22469
33870
22195
24654
39000
33332
39006
43827
38611
46066
51159
45708
50674
47309
44712
55179
50205
50111
56953
56641
55356
56875
51930
22877
57882
61671
61435
51380
62287
50824
46640
44137
62846
55573
70470
64147
60021
70646
74664
40340
79082
84603
25408
30440
65539
76205
77660
68971
66154
87161
70997
59503
87657
93358
98983
96040
72457
92430
87471
97351
85932
84947
75765
32037
65532
106569
97190
100780
31669
110983
112929
102936
103975
95152
90710
107737
79597
113001
67419
123584
121788
78209
84481
130640
