2444
12377
14516
14451
15941
20694
21024
22841
30836
32733
22946
33958
34663
28027
37898
35411
35593
26151
52734
51005
47743
56421
59360
25903
68258
69295
70268
48808
65802
63259
68266
70797
6864
85990
69108
72730
72933
93689
88405
24203
42436
15376
90987
102821
95201
111534
92799
67153
109692
88772
63773
84761
122541
125062
80701
127979
107650
117995
131742
91122
4841
32565
130050
115952
107165
106775
118071
141717
140059
158323
142103
151021
127585
165730
51001
165987
63641
116970
163641
158226
83993
143275
108389
183874
166961
108568
123956
155165
188142
174167
141329
172628
216559
206833
204033
219464
209760
206601
198121
182485
