1758
6041
5399
7115
7464
7879
4621
8102
4902
9100
9537
9284
10411
8943
10312
11180
11702
11705
13879
10264
15445
14684
14678
19056
13054
20222
12360
22078
13337
16856
12082
22773
16230
14372
23539
14941
23577
7642
22209
6862
27157
25570
21058
21855
28012
28083
22322
28049
26614
30310
11787
32473
33142
35578
34674
31519
25648
35676
20496
37207
37529
38829
19404
34112
36718
33150
23263
31648
30509
44971
28899
38469
48061
32583
40389
47854
33662
10413
50885
22527
44887
39570
48794
56235
54193
50092
54653
5919
59327
65035
65748
61329
61097
17157
43316
61813
63953
66069
52434
59153
