52
159
663
1936
1888
1816
3471
923
7583
6056
12654
5470
7409
5413
9803
7469
18564
283
6348
5671
25868
24737
29940
15584
7330
1741
10706
8960
34900
30489
9361
12827
34461
31622
30003
36376
7184
9647
33675
16421
31065
38042
52413
26671
49289
29575
55774
26358
53863
46353
39701
16881
24438
46377
52630
14542
54400
61798
43786
21993
57788
30223
50830
55186
47443
8939
24705
71424
64151
87931
12228
23508
44757
20855
89426
72446
87507
81504
62400
1824
104284
93904
82498
49767
86152
73460
72870
23774
108560
47961
77351
86330
112286
52511
112959
37118
126993
50126
138825
15800
