155
538
1958
2395
3002
6033
5605
9393
6235
6377
16615
22521
27466
26070
21454
26109
21893
24322
13749
40865
35601
28024
44329
29085
11450
52168
49612
350
37025
59396
32477
40673
53174
61517
6511
25331
84095
100591
52179
67760
7085
66553
107629
107491
117219
92348
92028
103278
112724
117984
109484
58934
118616
94862
94782
70910
129483
96537
157639
133924
162786
154233
113369
152551
76052
157684
120860
69118
102343
167768
163809
196072
101882
187530
153321
205302
18847
185948
53989
2490
111137
137923
154150
125519
154340
229008
2160
171076
33465
206953
188339
169714
234526
2958
246665
120094
87738
210172
207007
189733
