862
1744
1822
3566
767
3686
1999
3859
3122
6269
5535
4469
10900
12904
7692
19929
12130
20491
18237
7379
10454
19530
16015
23739
17152
22960
30261
4937
29207
27014
28381
29592
30630
36530
26115
39945
918
40051
29998
30300
24372
46559
35043
46484
47467
51350
3513
48092
50604
65259
40013
57817
49309
67679
37011
63425
57497
66756
43688
49605
79007
72378
72713
55349
40380
74897
62676
57034
17117
93141
84421
79578
94327
49159
100102
54397
45941
55293
47395
63102
62103
97055
78586
41592
107726
33376
74932
113219
105273
69410
98635
99683
122469
100290
38555
109786
91240
79228
2248
89686
