760
2689
2725
1980
3470
3951
4229
4219
4142
4956
9876
9383
9677
2963
12399
8198
13871
14206
22324
22115
24383
25425
25924
28849
29249
28833
29952
31740
27412
27057
33959
25862
36111
38079
38476
32254
35587
38620
34592
30299
41665
38978
34709
35808
39208
36743
43210
42355
23834
51602
54320
45035
56452
55566
55247
54705
59293
53345
42744
61220
53620
39376
60258
63890
64687
57804
53329
69834
63002
66771
71858
59233
75564
76250
55631
77130
76731
42444
77129
76833
70096
77123
73310
83063
75848
83882
76758
71316
75616
83594
74586
82572
85699
33638
93605
68902
16092
86382
40854
90556
