624
3082
3578
4011
2480
5017
6423
7586
6433
9470
13819
10503
14001
14665
23957
21273
28678
23018
5670
31710
40942
46128
51869
67996
57349
67336
60840
23622
51335
53924
31854
90906
89230
87531
104220
99431
75629
32909
107555
61840
127716
125082
94025
141774
57675
146365
140980
127614
154046
135350
129696
144466
109792
145238
72295
143875
88007
160253
158065
114346
162116
161926
61856
8131
188956
66251
69372
94022
78602
82314
188159
162911
145374
208797
116451
216190
183498
102483
63361
231900
172066
90069
229935
58305
244814
243874
233689
120651
242676
204463
235271
122345
265038
251508
86533
244828
206514
191207
228112
215533
