526
16237
696
25730
1481
19107
1249
12065
8015
1323
71234
146800
165255
167555
122590
42465
103989
21489
6428
683
1757
104491
73674
30423
18968
32224
9989
63492
116182
35321
75936
115839
64483
170382
68611
104362
84698
99607
69841
11321
181787
8789
12406
92226
157525
191643
94273
239583
33981
119702
16995
11055
101822
193423
50954
42019
261721
93113
227771
78578
69607
6438
24506
193403
32548
183324
163032
145597
260346
112796
99818
74335
263159
94184
180044
123278
25539
86036
68448
190582
97859
976
6539
39481
172817
155562
60657
31604
202698
196292
151936
13981
95538
255678
23354
47980
47600
44484
265315
15015
