13
68
102
135
1235
5420
6340
5349
9163
10376
13610
13613
3538
13418
14334
13602
19733
14754
18365
20459
22863
23331
22298
25040
21160
20535
13823
29779
29752
17964
28693
26046
16025
10986
32891
29572
23465
25119
34308
27838
27056
27525
39386
37153
34808
29649
42526
31598
43070
42349
32907
41186
45173
43067
36674
44645
34394
10006
47574
48963
40769
44742
47473
48604
52015
43305
13876
14509
49693
23382
56117
54263
54761
42571
49538
53548
49434
23140
50129
57827
65106
59767
66839
65556
59071
68703
65841
56803
72664
72576
54294
71693
62331
71740
31515
33393
74198
70639
70102
77911
