346
6162
5343
8954
8845
16699
16013
7380
21426
4718
11213
9767
7158
4087
17684
13512
41806
2901
16358
7498
1948
26701
15936
68007
18215
57955
16607
14179
11452
22771
56824
83469
21421
19160
57652
34135
33283
36430
14515
58523
41062
4043
82867
63204
62415
59923
91003
86423
24310
20876
134885
93686
78471
82734
29218
136143
41202
37164
861
69565
145545
49790
115295
65569
40922
13078
25319
182700
45341
6775
54955
108769
44432
112956
115951
93127
187817
18555
154674
11039
118532
96133
67474
74513
34261
34817
192435
235779
73453
114226
50720
44441
231084
13197
186836
81224
100353
2329
211825
17862
