1992
3481
3302
7450
5057
8711
9553
9823
7300
11550
10593
2440
12850
16536
11379
14997
16492
17027
23319
22485
9813
19625
27596
7652
19979
37500
36181
35468
42226
39743
46737
40402
42868
51356
44016
57338
52537
42283
52486
42575
44400
24977
65385
58492
53053
65815
55041
75602
68951
68932
47198
44292
63705
79970
32526
30030
91376
52157
97930
85937
80878
61029
94895
9601
87553
83553
117649
36806
120344
129006
115999
97969
68503
119571
135408
122292
137723
92098
135396
128147
107745
75076
132226
107961
21164
137789
142503
121309
99971
135783
110186
125045
150781
106443
98168
136223
128103
161996
146653
124395
