276
1139
1653
2086
2068
2922
3096
4315
3834
3853
5144
5512
4592
4063
6626
8255
7747
7101
8644
7810
7209
8133
10060
10363
9739
8553
10972
6479
7954
7304
12071
11176
9993
7895
12510
9927
12284
13231
14450
13124
12975
15391
15410
13832
1605
5924
5423
15405
16845
15759
16209
17828
12139
16751
15168
7250
6076
19828
14726
20426
21117
18878
21530
13387
21925
21122
18853
20702
19243
16438
4234
23652
23543
24243
23584
20484
23491
17203
21666
21338
19430
24726
25698
24041
24588
27867
26945
22541
13577
23787
25516
24791
23704
25491
23192
29860
28376
28455
27851
19566
