5236
6528
10466
20435
20431
26916
15226
20062
13877
28527
31935
48674
43829
46308
48976
37785
54767
40851
28312
33361
32363
62914
50750
101
65767
66801
62718
75557
71976
29576
75508
82267
81320
69448
61610
48828
76794
8339
85549
89732
88903
42484
92455
98443
105934
111776
75240
107176
111638
74849
116624
3979
52377
53716
39615
141532
98305
115140
101441
88075
148346
120280
123217
66716
114042
138399
115202
65153
14341
122203
161104
71298
131931
102684
97134
161283
167673
115210
70733
36188
129201
154956
174032
150154
99266
89970
142687
133473
126235
110759
165086
95474
159518
53237
174000
178567
165346
147564
106120
178407
