1472
7191
18204
24424
10800
16979
29809
17159
30226
16849
16790
38910
41562
35000
53027
50380
63343
64178
54008
45864
36630
4801
92051
60472
43806
55197
96851
50410
104382
125822
67908
105521
130388
126426
135580
151116
124837
91521
89026
160271
122320
156697
50949
161159
61071
114318
156636
126940
193219
176896
41217
218006
206109
162753
178725
226497
211649
197461
241233
183984
157731
81770
265083
257720
250032
229262
137235
82751
179106
163706
81989
208115
209479
199322
236279
227881
244648
192338
191949
219011
211673
165691
99125
185159
189217
255027
41084
169930
186727
76841
244315
264785
152920
51020
164122
88975
52946
167911
7041
49882
