3715
4600
4788
7891
7146
12249
9985
11779
17970
17478
19593
19438
14529
21495
22861
18900
26980
28694
26057
28895
27134
19479
31582
32692
29377
29216
35582
39942
38785
15902
42014
38430
33531
35973
46667
49491
52446
19015
55578
57306
49099
43775
50198
48052
41911
26388
62573
32364
68774
59737
65977
59314
73213
72093
35925
75546
79099
71674
81530
67817
56777
69280
74744
67431
84489
69278
84715
68946
48362
82230
72493
86057
82847
96062
79115
59221
77757
82131
94149
102709
93090
54357
58870
99267
100267
58725
107196
70695
99054
55507
77470
70506
107275
44816
95379
117438
95387
78886
67460
115322
