3455
3642
6695
13345
12497
12594
13706
14842
17854
23897
12900
31463
30145
17080
40294
37224
22182
42118
24335
49017
20095
50358
45561
39908
54692
37023
52454
54702
59159
39955
62227
67411
61057
79041
81177
49008
79607
87018
88656
85165
64516
102685
107222
106988
73861
71991
122210
106851
117556
122329
129220
127688
84653
73313
90759
139949
139838
69495
128671
145773
151291
128787
147946
84346
131291
120150
170685
152965
110690
178347
113189
183130
156955
112776
175926
165376
160550
167009
187796
162802
206231
206128
184668
145359
211680
131036
205498
220800
210929
185173
229681
210629
200300
134497
247801
254570
187635
253998
236666
239230
