870
1016
1471
1311
2256
2040
2446
1693
2475
2196
1382
1423
2701
2613
4672
4020
3438
5065
4307
3225
4951
3812
101
4746
4920
4802
3739
2843
5318
6781
1567
6410
4584
5651
6531
6283
4882
7119
7116
7868
7297
6379
8676
8735
5149
6231
9066
8527
5018
8206
6089
8250
9164
6404
10759
8003
6805
3979
8587
8891
8738
6169
1508
9920
8631
7675
12185
9808
8858
9288
12815
12676
10984
13215
9576
13281
9130
11669
13848
4656
10058
9592
13089
6178
15415
6553
5270
14002
14933
11414
15493
15296
9952
7052
15158
9466
15309
8556
17730
6124
