626
2079
4549
7349
10175
26342
23603
21806
33421
31168
46017
50143
56982
6616
47954
79391
74255
37740
46069
98383
52708
87049
74656
44488
100093
133644
102496
129484
123137
125460
114906
128943
159091
80033
140280
186732
182112
68544
151210
123779
160241
67049
212756
208987
198932
101142
42340
27913
197675
194052
256385
214381
204692
125686
193931
96337
125223
151402
100122
260399
25103
199756
197013
170752
136949
135678
237434
214636
72313
40487
238242
147154
118422
260944
193947
254604
22651
4835
183603
236238
221877
69215
131221
114839
10137
4457
145104
38922
157621
1535
1421
238830
398
184388
147984
88626
87480
82
100867
99511
