2460
6455
8795
11083
13484
5421
25479
22648
26515
31846
29660
55958
48146
70486
84252
74264
88349
98304
39294
100499
2793
103467
95562
129409
121796
153966
129175
142502
140252
153274
117102
159170
118372
110605
155403
178642
6520
45709
47599
166743
176861
204541
162967
2203
219515
165621
225696
117813
174112
86576
199844
255604
234160
95734
249986
241094
181859
72394
246061
261310
116284
110978
436
260744
188594
111422
143936
178851
48184
237086
263229
1937
55993
7566
72834
206143
13558
49531
42906
1610
140443
44934
225569
183632
4139
24453
217397
5200
77765
256213
1965
179005
57754
15480
233193
89499
51016
50118
7701
3042
