14863
27969
18930
25717
29411
21951
44917
56285
71449
16763
63379
84003
116329
115166
82805
71157
71792
116088
99730
41392
127207
140117
122969
143649
77212
98341
107570
168960
167172
130725
170016
148916
86519
181398
189993
177544
146136
171014
203980
212296
115233
203661
199132
43208
238391
199776
210655
241575
223262
80719
190780
266391
150212
246388
238359
92792
255398
190282
252654
147242
142048
259566
91679
186764
171939
10641
214028
85683
183994
175764
13234
17750
152659
71389
135718
11560
105089
39057
107066
138496
109712
266236
225562
15925
15430
106313
111728
103666
37619
45232
245071
396
211642
177653
145562
98706
248513
23902
213530
200219
