39649
28537
18602
53756
50659
53359
35831
53777
100620
49897
82174
61790
113047
72202
130601
106130
135210
89996
127765
94490
165539
130517
89909
153333
146270
160765
144894
135182
178013
155470
163988
157607
173763
53558
187904
185132
90648
189995
159488
30079
187880
62692
79091
4447
89090
47069
180544
135017
195556
13776
141305
243284
206339
188018
200210
182781
65619
132113
246561
203624
192336
173530
200240
245162
177716
208950
39862
236344
220091
123364
157217
211151
254030
101624
265216
250733
178548
222632
247771
225526
243653
208992
127576
101337
97464
254228
230223
214877
26685
213525
171607
144276
53399
129131
67388
68104
3180
80437
45537
10630
