1042
1964
1847
5475
9110
13649
18148
20585
22855
19283
35011
41952
46332
45199
48384
42834
28912
58760
66502
60569
63189
59393
70108
48870
74804
68212
75094
90859
89079
86418
99487
94381
88939
99868
103791
109511
34363
111939
104807
127305
69154
134947
142987
142489
128051
147407
149996
11155
127782
136950
105062
171770
181246
185589
170815
195072
190488
174346
158727
207379
208608
197985
212390
146472
204685
228999
112123
218283
107529
236438
230184
226895
225779
164130
251230
85427
255227
242823
266807
136243
193055
238501
189657
240967
122725
216203
250414
218344
31784
259398
187009
18757
140977
251165
132254
27321
185078
245896
41645
12613
