17662
58195
21510
20285
77104
17763
151394
133702
69777
160582
46176
106175
170068
99105
145405
139353
218589
143183
177907
171623
28878
98054
133159
260053
262780
153351
56408
147354
245794
79127
74374
56026
137416
9235
208857
168787
135572
81703
68594
244360
66823
251826
36280
229039
211669
177092
132907
182202
262134
2788
193427
24408
214061
118201
266884
222074
171049
56924
194700
164316
162147
114626
31660
164469
150130
88553
37
260897
86989
68068
5146
41390
230603
215523
200719
77456
50292
4316
235474
212368
211716
194184
183927
166123
158912
9763
7680
65965
64037
33190
265491
253457
242969
229973
210438
193145
151312
119775
108884
103614
