141
344
541
509
845
1209
2225
2003
2668
4038
2673
3201
3494
5757
6254
4135
6192
7955
7308
10053
4090
10329
5564
11620
2617
15236
14608
11971
8358
12892
18833
14368
8007
16715
11220
12028
18438
22750
22510
17636
16208
25051
3976
16727
17052
15290
23832
18933
25306
13282
37613
19282
38901
24635
21542
39993
19234
28028
43555
10871
6491
42971
37608
35679
51030
40542
52228
44759
33040
14679
35980
54541
29871
39821
4846
38963
62480
49687
68655
65935
59274
63868
61509
46528
1505
52977
3651
59340
4536
70798
71003
26237
22628
66853
27963
53903
42881
72068
55471
17427
