5034
10072
8466
16596
27294
25839
37398
31233
37096
39985
49490
37820
48303
54892
28316
47114
60066
40888
51803
47405
45934
90014
91108
18864
45443
66772
105443
74819
93562
77663
115472
117915
87135
73413
95488
25205
95772
124591
157193
155534
137992
161308
135901
169549
200193
130192
57554
204697
214990
227290
212022
178028
179832
133677
243308
240629
226741
247457
246549
243193
214850
182062
257553
239233
264715
93982
222663
248807
144503
219439
247231
260206
55676
240195
255486
231062
264894
196403
175312
86316
2955
109307
152613
161500
233641
91377
107250
87496
63132
265418
32025
23575
197687
172430
32316
245867
203633
61991
51543
193442
