1421
2403
2354
6934
6522
9936
7398
11002
14693
15186
18697
14395
12452
1523
10161
6715
20556
16346
28809
16259
32184
19885
22382
30723
24806
18230
17514
14142
4836
33707
46813
36642
53988
58531
42704
55374
37646
58485
66498
52746
64392
39665
29215
60720
49330
48515
6112
20349
51914
5721
45347
68547
80995
72280
69504
80852
98500
82449
104360
15778
38485
62501
99757
96211
85109
109113
8237
118402
96926
105478
32618
114078
148123
107443
87411
130216
154561
133922
112155
43268
100816
163141
136010
37666
152649
92883
172183
91325
58873
159803
93200
166392
93802
158930
146818
106452
102308
81559
169737
169600
