1540
2231
9142
10977
11958
11329
11208
12150
20423
11401
22709
22888
24523
27900
26753
25400
27456
24050
34108
31399
33862
39005
35137
38162
34294
39314
38436
40243
11579
4953
42842
48280
35136
23555
45769
43956
48164
38905
49459
23359
23738
53821
52844
54737
2898
39361
16831
62915
57746
50732
41564
36620
65150
42520
56747
43038
39924
66960
26490
75530
76208
64626
23594
80552
38912
52002
80299
71196
61200
79125
83776
88197
71818
82992
80601
50964
74857
74591
58884
26160
86372
67596
95464
76975
55376
75465
93585
96550
50978
108219
107189
106367
71625
97059
86406
58666
112897
114288
108054
26967
