7466
7148
6662
6116
13892
6648
13748
13072
9580
7215
20180
19357
20473
22626
21948
15174
1027
23962
20532
28048
25703
32055
14921
31874
23542
30757
29346
36288
37694
22257
45452
49198
13973
58165
57031
7354
31504
60074
27756
33551
49817
58498
56504
73691
50393
77681
81571
3383
57309
89459
43995
4589
67722
63808
63579
69867
38883
86500
81514
57354
63402
70984
92742
100714
99027
65399
28623
84811
63308
53592
29591
24554
60849
102806
100655
66733
94727
8783
76630
17326
82565
6992
91239
87577
112000
110113
90958
121141
112735
82340
102873
98838
69187
47585
84153
83508
56760
20310
133125
27981
