6944
15620
17910
10229
17614
26159
33602
45519
39025
29366
6459
56656
57201
52006
60628
26911
39016
22682
10705
41863
70015
36974
60753
45168
54314
52398
83714
42123
96486
50684
47814
83027
47919
52917
36628
55226
109490
99497
85240
93367
90795
99517
61975
124900
37829
78894
44827
126047
108378
31478
76834
33599
111811
108330
86306
85046
75359
110752
102626
59676
59139
90871
66992
86367
65088
146338
159500
136595
163456
138347
141103
176180
171839
171797
157037
141551
62824
164941
88679
99590
165340
157285
76111
159351
148161
89558
178558
105709
171813
138364
138082
92789
192381
56228
209027
169425
214392
203733
165429
163155
