318
2649
3729
3562
4916
4317
4780
7089
3560
7109
7644
4036
9140
9795
11563
4883
14337
17578
16972
20590
24854
19818
18622
10001
22872
25976
26010
28906
28544
27293
30170
25246
24855
31266
33362
36991
19678
36481
39347
38163
37863
7299
10002
33221
37226
18832
44073
42530
40126
40914
32855
8623
43797
21373
18393
40527
43855
14917
31032
8191
29802
46323
35569
53175
37535
43457
55731
50682
60230
49826
8895
62748
61539
29934
58722
42481
60135
37836
68851
68791
59519
23893
18003
39608
62607
21377
36367
67500
30789
70742
67159
50045
44234
61723
43826
77538
47455
81264
49905
15370
