3690
8345
18660
20367
16151
7846
24992
17538
20680
31184
28299
27347
29402
29415
17962
20337
37890
56774
57812
54895
76627
49734
39370
35122
68776
84426
85975
82933
13002
82175
81452
19286
82514
47920
32771
97222
44363
100303
80666
64563
102948
91380
52748
26389
116662
91228
31387
110394
98929
104374
111435
56804
75800
122920
102853
80093
131242
119724
107997
107239
44948
106702
124447
75209
127495
38576
114418
145181
128412
96597
139438
147753
128231
144303
9799
84589
135847
116134
101186
25968
134573
93827
176670
19427
171896
158636
171157
135886
111094
97562
145793
51187
126811
122164
170732
207017
182277
134035
191172
200372
