665
11623
4328
17285
10902
15708
30307
30562
45144
51370
45856
54082
54446
24513
47764
63163
57572
77423
57006
34271
80422
87537
61410
92730
70208
87747
18111
99568
99533
55051
117871
116241
117731
113228
95506
90618
65497
22535
147237
141872
118178
140392
86874
86593
151498
161137
176130
178846
187283
191842
196547
160464
220381
217650
182015
158652
213687
206735
144042
136196
201438
215484
199623
189019
239156
233002
187734
244036
243404
243758
241198
238642
190312
264235
264162
226672
248228
248066
212502
218528
257817
250072
241874
231869
159017
37271
168291
230862
206699
208159
249484
162776
196955
265592
207745
214165
184297
253413
246935
215461
