7054
13169
8941
15229
22507
21986
20985
22833
21912
21922
27053
20882
30759
26624
34805
33147
40742
41580
41433
44133
37951
44730
41827
54072
51239
67059
40307
65864
63241
75297
23826
58287
64669
79993
83257
83951
33653
81771
88065
94173
92829
97450
80696
97074
67377
102717
102580
53047
105919
94252
62357
62445
113722
91603
83270
117840
116945
118497
107468
106929
110219
123676
96482
90942
110289
116807
116455
111739
131760
111297
124781
133716
137015
85144
129802
111362
128010
159416
129906
85099
143427
165291
176014
177280
118347
177176
137891
90334
149724
118993
174287
163346
141055
131527
133136
204019
188589
206532
170453
182238
