1564
6821
12335
33124
26891
22947
59253
27283
25655
45874
59219
49146
43162
36460
13842
76910
88898
55271
47117
61069
77605
96245
106030
47442
64611
64374
63971
99623
103783
77903
74515
105969
17821
33111
108454
60353
116847
104836
68206
59246
94614
95301
102745
131896
67485
108149
20430
79903
29684
130579
144811
100371
76136
152053
125840
119161
109673
76178
141562
139844
155690
73837
93628
88056
131855
66718
144648
59690
112617
103777
89144
166809
167407
116595
146448
9009
79813
161521
148314
139932
64475
219676
141508
128823
62854
192605
165568
140471
123111
47908
171513
167506
153724
91859
233658
206177
69919
230493
206213
182801
