168
2154
2706
3975
233
5303
3769
4134
7031
4834
12164
12013
647
11800
17128
18625
11848
18054
22191
18908
11185
13815
26121
18884
19831
22431
26632
23305
26253
24989
16473
24268
7821
23131
31089
13301
37357
32996
37691
5266
37945
47979
1193
22237
48796
44687
53849
38638
30936
18482
40749
48761
55546
19091
46785
34621
32574
59925
55563
43232
28379
21155
54867
45067
52510
21804
53461
39360
62865
55751
50807
58576
71705
64249
67426
1816
72766
67490
65794
52032
18320
73212
440
40273
29724
85090
66352
85968
31856
81464
47143
27890
66033
82387
46745
26436
93909
29277
73100
99774
