10622
6098
23438
27847
27965
28858
1523
34628
35109
38085
35962
36404
38615
37703
19166
39244
42328
47904
44973
51477
54841
38046
62386
49658
53161
21641
35792
70455
78784
12024
75432
44274
75148
84966
86476
92364
82724
81830
98211
97576
93528
90811
103953
97000
82543
112374
120782
104245
86755
78175
126916
107784
127938
118439
104163
108271
136142
121125
150779
117879
138477
155113
127159
147426
140332
168733
148054
145377
171267
162353
173878
163712
118977
117270
181912
152809
68317
166031
160272
188497
118227
174279
160437
203532
116333
71240
208396
4768
179747
168545
163636
131613
205782
48950
200688
202072
235453
224238
205104
232393
