11100
12811
12575
16383
12633
21853
22011
27181
27769
28542
36399
35921
33578
28739
25184
43105
25449
26946
56373
61043
53322
51407
56382
26563
60174
62090
54014
71735
55966
50139
73154
72540
47001
86155
71952
74385
98202
88004
62277
103821
90494
90064
70119
112317
102440
101171
95486
92163
67800
99344
106946
87954
112855
117794
119425
130260
101427
103815
131418
137191
136727
131054
155610
89441
168832
166328
164465
141985
174624
169177
161170
136519
149294
172197
146870
187693
119612
11628
176235
165208
154009
149378
166172
179554
166629
187726
172661
200627
199485
125715
214022
205019
214575
215767
173953
43266
234273
194781
194047
223851
