907
2940
771
4578
3146
9751
11211
6520
7393
14968
19524
16373
18418
11691
30285
32544
8386
33640
34959
25668
24924
42460
13187
36553
46824
48287
48177
35353
41348
24574
22439
42906
50256
44995
58027
60547
60763
48184
67101
56345
22915
58689
28488
59600
50319
41218
80562
53142
33501
77765
99618
41367
63224
93320
52756
94428
58048
84329
84668
107590
91283
113905
82402
113930
97834
101572
79271
57130
142791
84928
74243
99574
130218
134981
113804
64840
152360
146097
91697
161504
160689
77348
142572
175443
142941
187050
184742
150636
142646
72394
94737
154179
150426
25734
121421
67373
207191
76735
134213
114630
