351
5089
7602
6721
4924
9624
9107
10145
7786
12287
11710
13026
12929
7359
14657
9626
16378
12454
16750
20499
18480
7110
27772
27084
28733
16609
27178
33631
32865
39804
31944
26742
17250
47515
46238
44420
28835
51488
48183
54085
53789
48968
52757
61243
63783
43203
40375
66624
52809
74772
71968
42636
65846
70081
78196
81319
59134
49003
85462
76704
71171
88989
91193
92910
74554
93887
33426
80031
88805
72318
71323
95317
92193
90771
71423
103442
100587
77797
95825
75136
104659
99438
7448
24865
53480
91374
104919
99414
115163
114237
120666
105986
82846
128620
108191
119312
121549
100513
135437
83317
