1839
1818
1171
3282
2486
2664
6362
1883
3397
2277
6807
2151
12910
6900
9756
9360
6905
15065
8371
27145
6088
13136
23626
34840
9481
292
35184
42626
26491
22417
15587
14799
7386
28721
34099
33137
45618
35344
51202
1869
40337
18316
15675
43841
54388
54838
36326
63109
13030
35182
18288
19645
52528
50557
70229
44136
64139
83189
44264
1799
15847
14496
81466
71670
36766
40923
64129
54166
22760
11699
36118
91834
78286
92998
27585
66102
6297
20873
62382
22490
21926
113343
108863
51816
19718
82474
29527
72733
43691
20742
90228
95617
91259
54427
50994
57363
34723
7171
94896
123592
