610
7185
19001
14832
15074
33419
4092
38737
53542
66070
40499
58595
51551
23648
34284
20948
11419
78834
38053
91346
44412
39149
19662
82377
124033
53617
119356
99439
115032
115216
14123
104472
75742
112398
104290
74318
164887
18678
108523
71846
35699
212604
63964
145084
91399
58105
203407
48381
80885
140062
184805
218466
193199
194564
182376
138481
109717
86188
38283
242842
195828
145404
130149
188133
118777
124736
214383
193324
247727
247409
215728
90538
76246
259053
127310
17825
11644
3495
216464
148579
23418
231770
209052
201880
236117
173163
182195
27654
25154
157801
84738
56798
102064
210014
248556
69149
110012
58929
225081
145109
