2250
4034
7083
8269
6390
261
10102
6253
9821
6320
9787
15859
36463
36459
36953
32312
41050
36196
47423
49535
37285
50403
23996
59512
62823
38223
33003
18317
60803
56433
59370
21293
79212
32781
84763
29559
90481
111484
80038
84250
54184
118334
108208
87559
28232
64745
26792
54069
138126
108168
141201
126851
148142
157432
111973
165821
127800
98643
65006
84026
160454
84793
150628
61863
39061
174774
157687
141690
121595
72019
121201
166061
193344
148960
155828
209264
92251
225615
221174
185757
142168
110559
203612
222695
196406
158220
152167
101577
133071
148574
259295
231176
189074
217428
255460
149171
145078
24165
202434
219009
