113919
41286
207578
13147
69706
126147
73262
233974
225429
208722
233736
98594
132333
44252
261034
219050
153421
7584
192852
92056
41760
134293
85224
266439
24743
243451
44714
241891
134248
107543
22505
19842
146848
1263
99089
71732
57276
25053
176828
80817
56846
41690
265232
255653
249503
189869
162349
121280
10719
99869
85609
85135
84521
8328
79243
68710
68120
66326
56028
54158
49633
39325
36912
35194
30060
29910
29741
266739
264049
262230
260462
25336
252709
250144
246703
246067
233696
22428
212599
211651
211271
206188
203914
19930
195729
194284
189373
188719
178399
177542
173003
167466
16671
149566
149508
14292
13635
130986
12869
127714
