3501
6994
5238
9255
11730
10827
18185
16700
27790
26050
32381
38927
33085
32762
38996
33382
37599
47655
45417
659
36600
55440
53339
45132
64542
39914
72585
78464
84678
83877
78872
86290
96291
73489
87139
101525
106157
112223
91344
90059
86546
85547
108135
111866
106607
105821
105573
106220
103408
99456
127164
128922
121872
115131
119278
96898
98025
124144
131285
80129
135606
148545
124903
161157
154127
172293
168094
168072
143901
139593
119468
190728
85380
90341
198779
185205
187331
156893
213979
208154
198046
195901
105508
134349
204497
218122
193717
211574
232600
226457
220134
235714
189385
124107
172580
97664
3129
92074
204855
238056
