299
2182
10333
31342
8806
1675
50693
85
97738
52842
103731
93028
41865
61978
125185
27251
177296
16639
78506
56333
208
134437
184936
108654
261397
234488
61897
85014
219
74239
45662
132638
264636
2348
82814
69914
147512
39947
37976
167964
93684
70835
4918
33585
68336
32463
51381
36079
22810
168617
145763
246958
115851
77278
70706
185329
90072
75710
45124
260355
143540
12588
58847
136866
7803
252950
225208
128328
128047
95730
55813
3590
170414
156383
72114
83499
231187
197158
183596
134331
84102
79534
45265
259776
24977
112421
62825
191897
155994
2941
2815
230500
174941
143542
113351
106338
101097
31866
25584
216810
