521
3273
3403
3118
548
3105
7128
12753
6982
10473
2597
2795
2995
13303
14974
17211
12243
4345
1926
10059
18451
16844
18222
21913
21765
18812
25434
9382
28607
28549
26645
21302
15505
23290
38497
17522
27387
23527
34146
38438
37589
30022
33485
14800
49111
42260
10600
43170
48173
45903
34748
50610
36389
45728
15501
30016
34926
48506
17778
35986
54846
57033
45069
48447
28209
20501
25710
64425
10451
15543
65918
49572
50773
76730
56133
42117
31161
47182
33135
64077
61845
61275
51794
28123
88984
82578
71112
26277
23592
54848
42029
74174
56547
86238
71007
58317
61711
86471
14121
83416
