61564
136810
168541
91101
79643
60541
21176
27892
143788
76112
63435
82524
51467
38415
216946
207256
202416
10642
86962
67508
32731
243595
213464
148313
9832
57701
48702
44813
163374
146541
145867
100606
83684
82523
66987
61430
41150
26754
256437
234182
220950
207825
206007
194886
13154
95
94112
88188
73857
68076
67506
6510
55577
51500
49267
43196
40228
39966
264872
26419
258384
253884
25108
23617
213907
213239
206245
202148
193080
187649
182285
172351
160526
151323
142998
142929
142016
12757
116942
109640
103508
