1123
3420
12960
8718
17359
20603
25870
17669
33138
36447
34699
13773
3576
21871
48988
36267
32074
52365
62275
66215
48825
23156
79938
68873
75689
73983
56941
53124
78540
92773
89104
49653
93636
42747
86611
16023
89199
51416
79320
72925
56100
95841
131060
105071
97535
108040
132967
57222
135325
2072
144165
27011
68171
150164
146742
162458
160362
159493
56577
59932
82607
150705
163382
107013
165229
156240
116146
140470
165209
182990
148413
104230
174165
140798
149249
195280
171242
209328
149791
105355
103225
86894
104058
148225
108064
212965
206470
75098
49525
236292
216680
192976
208380
203572
187639
212561
198717
61117
231573
243135
