2093
2211
5382
5454
8524
8069
8779
10235
13372
10380
12598
16726
19801
22689
17617
21031
25999
4843
24464
25790
31888
6499
10094
16418
28501
33315
30819
25351
33224
39422
43867
42085
40222
44195
35479
17405
11365
45718
38972
38306
33260
50709
53108
31104
51977
53356
52570
41979
49238
46143
50294
31446
12118
58684
64030
52961
55253
56469
54256
54505
51312
47735
55263
64009
70250
18176
58276
35994
66266
45797
54896
34102
76191
70099
67403
50615
66181
78368
66957
60129
78541
58940
79730
71230
79015
84424
79076
79068
84209
74035
84606
72142
79292
88754
84297
81952
69259
89403
85448
71661
