1615
16476
38909
32823
39623
62878
96340
109413
106959
94589
11916
39758
182822
50629
155657
51772
157638
118
149706
159442
66316
223033
20609
76700
254188
55141
67224
37837
7675
14950
165309
251357
139031
20547
87827
132066
34875
12885
10700
78725
8887
2613
1567
247153
16243
120559
87168
236844
180890
208356
173345
108080
14477
180508
163540
46710
242848
214961
120818
260204
220959
40283
146433
108570
57081
236902
55562
53089
213806
248679
22323
55365
33078
6124
233579
14287
123003
84381
53694
243219
93369
211246
21124
100244
82060
46676
37679
216804
16106
14571
92697
76804
160709
159548
135649
71942
64677
54216
22871
14734
