5542
8699
10177
10392
13357
11305
15551
19340
15750
14081
12474
20029
21760
17502
22381
22190
24270
25360
25719
21620
14406
26020
18175
22673
30865
28141
28740
31244
28901
33762
36691
35143
36366
24264
41108
42474
40993
42469
26656
47106
47463
46642
43158
20396
36209
52008
41030
48528
45921
51137
27256
51939
48700
57102
55849
55110
44065
54096
47997
48991
56591
56740
56868
65176
62079
56224
65163
64892
52741
66729
66054
61731
68125
67481
69980
46505
74028
73990
73809
62115
34920
73936
68629
37853
74205
79894
83003
82477
82432
71204
78019
82049
86007
75482
65990
91604
92269
82506
78188
86272
