978
5162
5571
8560
9535
10756
5265
8167
5444
1924
14415
13958
13005
17355
17069
17320
15883
8761
9551
13289
22831
22449
17268
26029
28747
28363
24325
25975
21890
27628
39013
38145
38836
39889
31848
42345
15143
23724
21847
33836
17296
45375
47067
18995
38323
27561
57053
60233
41162
57032
34467
47545
11496
44181
45076
46313
47865
8639
73139
49169
14064
73140
60287
56799
49926
71615
22777
75280
86143
47532
17744
17626
85233
89535
79305
33902
79835
77280
97570
105891
78521
31514
14506
72914
22281
46124
42009
107161
23107
12503
123309
72037
34719
122091
114996
111093
7229
11658
127172
59756
