10449
43864
40498
57239
51050
39261
82260
82092
59244
88036
82990
57289
114251
99543
106121
109597
107282
115583
138175
133279
70385
119067
139830
107261
134783
125855
90588
155367
163298
143207
129070
189866
135059
85422
141520
84400
29330
135130
30611
200866
185627
144145
81249
216321
223214
180249
230576
201061
198318
14267
95415
185476
48279
33348
232515
34086
137819
242626
177268
262314
246702
40519
130194
199921
247724
185376
135242
88927
261430
246505
257887
222383
188110
68692
209197
126395
182335
69252
87808
208226
171805
82937
158589
261127
258785
185485
127241
60196
92575
73186
211898
182348
146633
127216
242997
79629
130430
36755
236875
19275
