11736
16873
18224
18759
16202
23108
24805
25715
33319
44941
48344
54308
51856
65621
63265
63201
74829
56256
72129
106771
82542
55466
52550
116926
114465
97945
70786
67713
123151
93808
148412
127466
154123
138506
123362
151375
83942
39753
119583
44983
72334
19537
181141
153290
175592
150783
144105
206630
166273
160307
199568
151927
158730
223772
205147
115778
192269
183412
186896
199903
173602
225112
188586
188164
247192
214523
207145
185176
230422
228838
254700
211580
73348
236399
226505
147576
263826
222037
259844
259309
229054
99737
198405
242102
257851
193801
111218
265477
196245
204929
244028
206539
228970
224964
263189
227826
85429
67075
195911
233970
