605
15972
15560
23975
22955
34356
18255
38675
33621
43429
24641
39868
44747
48140
43485
34948
38504
71808
74060
26367
42641
171
65319
89746
98267
73594
92914
80074
57108
90003
48474
790
102091
105974
62641
81915
95912
125764
119676
42047
107743
70423
157861
142394
138287
60479
167051
165844
124002
113015
172819
174725
129176
85177
183919
167897
61948
4690
176314
107686
186049
58512
202343
173644
172149
132655
64824
202368
152743
210129
220815
13996
192028
120183
166092
216253
221520
171044
111701
221944
168808
165945
91465
225983
203290
212897
203036
105689
205102
200981
263585
227988
194175
265006
261495
166213
72909
52348
232035
197772
