533
2595
5534
5215
6247
5175
7899
5795
7625
8246
5769
6481
9263
11189
13855
14545
14804
15192
16902
16946
21311
21246
21724
20051
14384
25436
12383
29882
30968
28893
30806
30392
26387
14699
33793
33687
28811
33096
38280
33098
36325
41078
41965
35785
43035
44337
43678
45636
42756
50343
47728
48692
47493
53162
42301
39611
55222
54773
57152
49655
45158
42485
55071
58364
56315
53824
52773
59548
56152
61533
56006
50307
67757
64219
59596
69605
52276
55605
47225
64486
53045
75524
57892
73570
78395
73738
67120
46977
63084
78763
73602
77862
75769
69625
87237
90533
90513
84029
88343
92896
