200
504
215
94
547
506
1023
104
484
2680
2116
3036
4632
5135
4438
3261
1618
5333
5880
6853
6859
7822
7311
7005
10505
8225
10065
8119
11556
14766
12921
13162
14643
12182
10398
14125
16155
7847
16494
13523
17440
5832
2851
18004
20255
19484
22501
14314
17779
12512
16693
7633
16435
24493
18450
4184
22039
21790
19926
19969
24286
9842
25245
9035
24747
19843
31992
11250
29667
13557
24373
11455
24801
27355
25557
35791
5857
25688
23620
32806
23638
13313
24745
22099
29825
22097
22619
30852
28842
26435
28282
41570
39065
30663
29398
18887
12563
31529
24596
40120
