4050
4498
8289
12203
14238
11858
15520
21770
36320
23695
50424
48636
50427
62289
66367
64271
45447
66689
71490
79870
45113
39409
70842
79930
79888
90170
92943
85264
64981
107092
84934
110671
109868
113685
59792
92105
79122
119891
96998
86671
92012
124832
110424
98008
115837
106269
135178
81705
70166
108003
133858
121698
149426
158258
91492
131549
110628
163815
158603
123504
169013
138582
30550
186582
168614
106309
168196
196500
179473
94158
198927
181793
162840
156525
211146
201842
207517
180630
206615
199416
222198
212419
211915
133139
199762
221348
213862
192147
231795
230466
238014
225705
255907
242157
94032
255448
253242
217991
257962
249344
