1489
2663
2392
3380
3663
3780
2560
4766
4501
6018
3575
7546
8031
8535
3995
7457
10463
4730
3713
12253
13760
14884
10554
7152
3312
15536
15849
15010
14914
20334
15694
18845
10905
9745
21930
21423
16982
22108
26261
22484
18229
20517
25441
31362
31458
16515
15344
9817
26479
36295
38028
20462
35700
12268
34982
40433
34943
37063
30456
41749
42948
24380
36194
36045
38689
16776
30908
23034
48037
26644
47624
47129
59057
60018
41465
38279
41649
43883
39058
51630
64580
24733
59409
46742
42655
54824
34474
18422
68257
44678
46752
43802
63819
13495
68134
61825
70391
43630
78358
35219
