4551
4154
12969
22642
14859
30309
20983
25578
28854
34749
41405
3373
35765
42679
21149
70696
64383
60105
48094
46979
50798
82770
86610
55501
40044
87736
69628
56383
125496
50968
123925
110908
133375
100862
121025
160935
108163
113649
137323
109545
123706
114932
93439
138986
178226
192569
171035
198540
172602
127883
145578
75189
2279
225977
197954
186811
248974
130846
97068
261665
266345
265797
245611
244704
183098
170997
243611
167759
132011
121539
122519
178803
18315
262478
20636
123670
34149
126140
125031
17820
27962
2212
186096
98885
85864
112388
7573
4138
220284
208223
188488
55278
2601
216575
111350
243645
140010
116322
9760
53581
