26789
12278
40343
32223
40102
35835
93084
5936
85260
151712
104611
57691
129800
152652
124352
7528
248350
41710
82264
232133
144353
60487
259742
4763
18195
94700
54810
239461
19208
264573
182165
50370
52018
200402
177310
135885
26448
109053
264909
205724
140830
86766
96833
16576
12699
213667
91838
175545
237648
212552
12905
33552
10602
46638
138881
11949
163068
53665
57809
31643
264854
15376
89201
16344
64095
149100
112377
42645
204647
146696
52327
41618
11989
117027
67189
4042
1075
106189
27570
170386
51739
30330
262496
26206
245418
240881
208386
9571
87933
297
11589
9483
82861
60639
5417
33677
258348
256434
25574
252651
