4923
5611
6869
7168
15601
17139
32972
27436
12332
30354
26174
35434
32846
39763
37575
35580
34745
37800
34448
41740
48924
35213
52561
53861
51529
35313
50545
39593
60727
59422
32460
48867
46204
65070
54481
47929
45855
50569
22241
82258
83266
81418
29399
89977
44298
85715
85009
91287
73953
106825
107055
68652
99051
109539
100617
116177
91456
96741
93261
116355
86441
80600
63143
132022
132969
124192
100579
38397
141318
140864
135139
94871
100992
133535
162744
138649
128137
146326
141170
152119
24062
158098
172158
132305
171975
162102
132680
177826
166004
165939
132322
164847
114720
195090
192908
200279
206103
204267
203014
212066
