4947
7787
3507
9069
11209
11454
11500
12583
10534
7374
16551
11877
16386
16559
19461
8739
18517
22864
22994
24064
20982
25183
15924
29514
26414
27116
28965
21382
31964
8854
25830
24222
30770
30602
33583
39995
42201
40410
19213
32847
35655
39970
39520
42768
46684
42217
48269
49102
39462
41177
24056
52437
48726
39282
40481
27329
58149
52466
54780
44589
64607
60718
61749
34868
16195
60184
57213
45925
25477
51837
61631
53369
11037
70032
30607
57770
57735
19351
74672
68047
62346
60684
57149
49067
53328
78103
77622
55202
76009
70567
85424
75290
60175
20972
69955
74050
72474
86896
54156
82780
