721
1215
1897
970
5657
13967
12155
2816
10681
15770
3407
7314
21063
29145
18948
33326
5169
4026
36331
37260
29876
3630
43224
35376
26017
29578
1487
54323
23381
51290
9338
52209
7510
43809
26762
31973
23763
64567
51585
31287
65224
38375
17515
61050
74466
32795
21880
36768
13785
55427
56245
47975
60702
72472
23537
66655
79591
72464
40837
27413
18355
45253
74657
54111
23569
33019
98450
106064
88143
76684
54912
42197
44544
38586
14303
60769
94349
110591
73157
105243
39566
10494
45313
130033
113546
92320
88242
5492
57626
78936
60240
26230
111700
26385
136935
81498
120965
139843
116790
39059
