13315
11380
42401
91921
99993
131989
92869
32997
88369
94735
137064
94107
197083
100069
100026
178904
201265
253465
120506
150397
112507
168957
198351
50402
161688
126185
233583
225786
175832
103988
195967
123862
249831
24991
24974
75722
73089
114868
87865
245384
134443
231495
50009
152390
9793
205144
172336
63552
244471
209917
61765
249272
172458
80205
181267
21248
148220
44650
173749
263106
212461
186927
164643
66682
263136
86786
222185
119897
983
78024
27659
258672
245198
197105
178113
92544
249828
168492
118349
91131
212239
178795
67594
56486
216419
148573
145599
141249
115820
220662
194655
99828
63360
55009
34413
207225
196044
183621
131198
115846
