690
1918
2299
3655
4042
3775
4844
4333
5439
5660
5226
8305
7908
7234
6439
2747
7320
6322
9465
9306
8311
2735
8077
9755
10980
11377
7305
10595
4841
4304
9032
13344
7008
3252
11794
11989
12659
15831
12553
12219
1389
15643
15872
8687
15125
12232
18440
19136
832
18641
17329
20605
23171
21435
10658
24715
20379
23073
23411
23373
20851
24099
21601
21276
12547
26251
13923
28587
28748
10207
20163
27502
29829
33094
33225
32313
32637
29042
28975
32743
27334
18492
22860
33666
36508
25562
28285
35883
33676
35492
27136
31583
36513
41247
7337
40033
44959
43921
37286
29599
