2451
8521
10661
10930
6511
16924
31094
27046
31026
29557
17750
31293
30741
33992
43246
47898
38289
47648
50083
53749
54319
62648
55039
38288
53384
57368
41411
63748
71062
61966
80239
66065
50777
2427
30403
83866
38765
79191
76897
57968
35418
72860
65262
39825
62945
85116
81799
81975
56970
95874
93821
47945
42844
89888
65531
60252
124665
68745
62071
112654
71287
44250
76585
53137
101297
92978
90336
80681
130405
84341
131225
133234
65671
41293
143891
131509
128171
125581
118715
112991
105242
143090
114696
151042
134383
122299
149394
124780
69038
149991
132162
147945
160180
145361
139152
124187
58818
176356
161291
148439
