1375
2928
5749
6489
6038
11444
13226
7340
16713
19428
5199
19549
4016
22210
9
28762
26664
32499
33838
27332
39201
46365
35662
56403
27729
59896
69925
67450
50100
61096
30441
57660
79579
80826
81336
87444
111340
98637
115072
122625
44333
41679
81670
16826
136571
133484
114836
100907
143897
118303
5114
104133
121253
36616
151791
146703
93646
60266
95700
73607
57975
76746
25421
72056
43315
191131
176424
76568
152253
122558
80193
201047
52643
179333
40350
181700
36579
215072
242432
251591
116515
7070
237594
133240
117672
224673
119788
174993
247970
168812
216850
240962
169033
59424
241458
236502
263723
191533
259172
212879
