11497
18254
34093
33170
43503
42738
39271
66855
67600
59487
61580
68330
65488
56069
40918
86753
97568
96168
98382
105500
108478
71200
113105
116854
120800
122046
120629
126382
125169
122040
136614
138330
139537
143451
136777
146376
148366
151840
151101
150142
148335
153714
151818
124710
164740
169289
167227
100796
172753
158383
173746
183261
164374
175102
190821
148561
198105
217770
220848
220256
220843
215296
240578
246414
196681
262713
254792
162156
266206
255431
153909
208095
200672
185972
185441
258788
249504
148331
128750
253052
121954
159187
52735
140543
182606
85143
180780
55836
147491
53460
219081
249942
61508
118641
98669
6587
5637
36160
235303
87603
