2236
7620
5358
7859
17433
9363
20089
15538
9666
23492
8104
4944
18519
28582
36685
4243
40531
31765
29439
46917
54152
51616
40995
44497
53425
58355
50203
61872
71159
69541
64497
24761
75349
95169
83718
104192
95884
108600
103524
43531
93864
81537
112057
57036
102676
21742
16503
85622
19044
68900
108324
128060
93784
17140
66073
78888
43671
170107
102934
157963
95967
152281
170873
150775
141796
164271
100731
48473
176851
138592
194641
164219
181208
159787
198479
48191
220410
73926
33661
89567
53734
228042
174914
169969
241012
139260
62389
204022
188172
244893
148601
51255
155493
11813
234043
186175
117692
204724
60124
255330
