21072
20807
26319
28552
32604
37449
48658
46688
35961
38230
37651
35165
37774
18146
58924
74540
45655
49721
84271
74100
66361
62634
96326
89944
85948
60746
46922
110506
109421
104629
115436
100426
105251
118059
124802
1654
108217
116043
78820
144447
133320
43538
124590
128994
88102
159215
145641
127721
144078
165056
159802
177513
174925
118391
183234
155790
159504
177957
187623
152827
195617
148286
190419
185720
169708
200612
190313
161493
226656
166515
126822
158691
233067
225788
194233
160973
213407
233774
114779
221031
217540
116858
223039
192899
239613
219998
197925
11926
242117
226971
257440
263901
94815
247248
215454
155034
61468
226209
167970
243260
