131
974
15131
17291
13469
32334
35429
46550
58748
50929
65570
93033
113710
74522
112338
130370
125464
101015
159330
161925
63037
208675
222792
202442
225133
212421
119821
186774
250666
12846
180542
37025
70910
206674
197127
194318
205213
111137
13176
102955
7085
17245
137923
200247
689
66269
154276
14326
87745
8353
65568
21701
8948
39841
3884
148798
67800
48547
7705
7053
203694
17165
16839
130096
10815
77515
253519
24572
59076
260889
15447
82797
5605
237772
56856
52022
3553
225725
225431
194346
176486
157376
102952
69623
41703
29024
24891
222834
20664
164839
1516
12123
93194
86270
74848
68572
65703
63913
6033
249244
