5586
3920
9453
8586
9027
8753
13472
16089
16118
13648
23628
25003
28043
28418
31429
27048
32320
23426
24004
33646
16256
8748
38277
43822
47103
45581
49672
47820
51674
48321
55300
40545
47533
58327
30910
51862
63434
53402
60422
49938
66861
81291
66465
85944
88282
93999
81492
75131
70847
57786
73745
50663
100050
89879
109798
94427
106207
45656
96138
106191
100417
110439
34655
96369
135343
116933
109947
139992
152163
118961
138306
42372
148536
160164
161742
157816
113271
165825
153823
55060
174373
160007
159615
128466
115021
181349
171038
162841
182067
145876
181147
132156
173197
195087
187193
217649
202011
216154
135075
183764
