1704
6720
5891
7333
5507
8065
8426
8701
9391
10126
12871
10846
14426
18949
16907
16560
19692
21655
22044
18889
23925
20815
13921
23450
25911
25207
22341
26026
33335
38426
34432
38260
28010
41242
41561
36282
1603
41283
41185
44185
46659
45262
39921
51513
32737
53689
53529
53258
52136
53848
53606
61651
55723
63466
62946
66337
62302
66845
51845
55102
62885
61385
62698
61382
68247
71957
60676
70091
69409
63687
45835
70450
71322
60340
74102
68056
72310
62733
77627
71919
77189
75380
39669
82232
64173
68596
79072
76078
75483
71719
80689
55944
87295
91752
90626
78941
93391
48428
70485
89947
