1725
2435
3740
7872
11697
12950
10348
12680
18331
23630
17643
25969
9028
29378
2633
37036
23227
29671
7723
51067
22493
44180
57974
15110
71448
64691
43198
60697
77044
32208
90713
62960
77873
90783
87766
78481
99906
89182
82378
56272
47260
69787
89411
115765
43929
41520
88299
11173
143864
113284
118886
136300
81072
1443
150914
151924
107228
143964
105383
44350
146788
170893
147680
121206
134031
77690
203053
113687
151032
208461
120436
109903
212829
181072
145733
121734
236950
67953
189124
37918
32268
265830
75776
189043
163628
262428
253049
231956
95104
247331
229844
169911
249151
216050
7339
68893
264055
196633
237408
10985
