30
67
382
590
750
1289
1622
2513
3639
2885
2171
5480
8759
10563
4614
5976
8704
12026
11722
13533
12320
13006
13918
13140
15237
3650
20804
20749
23845
25766
28347
26296
25646
22859
30346
32035
15744
26740
38435
40562
19902
37412
43943
42872
39143
35155
24953
40086
47742
29880
45695
43949
46046
43031
29059
40298
56238
54771
64474
57528
64582
61257
47863
43980
61032
39446
45363
66676
59197
67937
73441
68746
57634
82457
76281
83170
68488
54003
75320
75108
75723
83794
9805
51900
87607
81131
80283
92461
91975
85349
83329
53971
90503
85758
55072
96087
100811
104976
95019
65372
