701
1218
4793
4479
7489
7677
7371
7604
10442
12662
10284
13186
13934
13794
17204
6470
18407
17192
16997
17531
15033
14497
20401
17735
18154
17927
14265
20313
22584
14750
9174
16457
24558
19202
28133
22716
13209
23455
6393
25791
30567
24292
35108
25970
30351
19510
37338
28449
34077
34314
42214
32861
38048
39659
41554
42476
33572
36416
40201
32826
40547
47870
49845
45875
40533
39998
37817
27578
47045
39912
52427
35538
26892
4436
18405
15824
52823
41650
28702
19747
44161
51104
61699
36644
60202
25022
47879
59255
59199
36383
10204
60208
50904
34991
43657
60115
36652
53835
12146
70688
