40
503
1380
736
2865
1960
2496
2602
5537
7127
6005
7096
10364
9433
4248
11667
11168
13624
8651
2144
4406
8574
7551
4446
17437
14835
10485
20997
19153
15424
2777
27611
21939
22627
24398
31231
33879
25202
21465
44342
31197
41913
36791
36002
29417
39963
12112
13092
54375
47931
5982
40129
58211
57074
54704
50468
45096
26104
38467
53246
50580
53888
39210
48131
35257
7462
44836
40704
12446
49366
63080
72548
69496
52661
79210
42908
42380
26280
64064
58627
76697
74980
61936
87160
72771
92464
81536
78414
42343
43586
16147
89355
67495
70451
88612
44084
92134
49337
46923
347
