130
55
316
426
1568
1281
1587
1500
2570
3120
2545
2308
1464
2425
1498
3552
3711
3289
4209
2800
2882
758
5330
2823
6313
6673
5971
4199
5946
3867
5021
3478
7731
6991
4605
2901
5324
6996
7269
2919
9583
1948
1580
6065
4126
12271
4201
10657
9387
2407
2329
7198
11769
7629
13447
11541
13839
13457
13766
14448
13531
11228
15001
6290
15685
13450
10644
18868
18472
12537
18066
15848
14119
2728
14442
14053
4718
4842
17004
5190
17436
15417
17041
13647
5073
11765
16200
449
13473
17431
9587
18929
5643
23199
23092
9243
11568
15931
22183
21438
