2115
1781
24233
26294
11503
31172
41879
44206
53330
66833
65742
76792
79056
77936
79493
56161
89041
89718
92709
93440
91304
96361
93961
89081
99339
111392
111498
127706
121715
115573
150141
155082
100596
157070
155684
106918
126347
159450
149479
148308
134541
93364
190194
159194
193114
187707
77998
214116
211759
197749
156868
212057
204084
229132
225874
239565
226123
204931
196877
239318
227278
258819
207909
250309
83915
239530
230302
214411
206039
257315
191783
257822
230999
186630
138637
233404
12573
100832
224865
242819
138636
39209
178290
262275
28130
14384
89925
23673
50620
107867
9139
174580
133915
5767
38495
200105
57139
212343
121219
198707
