2489
3904
6825
8515
8670
8470
8852
8637
9890
10831
11399
12216
16644
5285
17445
16545
13283
20524
20468
20969
18461
21449
7072
22848
21791
20706
22444
25076
24895
27243
26372
25301
27568
31037
31217
28183
31753
31416
23235
34395
33262
30026
32750
30122
34711
32551
33811
36593
33009
34392
42496
40206
42451
43735
43073
44856
43451
42426
44125
47152
44928
40773
45150
21763
49510
47569
49578
48773
45315
49383
48885
43262
51209
47695
47144
40737
42133
52411
41899
49876
53639
52194
51569
48194
53675
51946
55508
49940
42984
49852
58270
57617
53593
52907
49361
59386
57914
60361
58049
60061
