1321
14600
25687
54864
43013
66036
77507
76753
81175
76032
66068
70288
51927
75306
63814
91586
86390
80752
94233
98470
94253
118807
104544
120003
129894
117639
126728
112606
103685
86911
128172
143920
109080
140731
118621
68647
153652
153328
190673
180809
185588
84251
200158
151073
230657
186402
180076
173274
218898
213580
191621
179809
253449
221826
189912
236153
176513
249094
226723
257254
213304
112558
265979
264024
255314
105360
188762
130124
228628
189137
185852
253173
211650
1983
263458
160115
217030
194877
147007
63517
93675
242181
157968
33136
79601
264857
4919
21363
767
87398
58013
14969
103160
86813
249425
4892
9330
90458
186116
9148
