735
3365
2932
8915
8226
9186
659
11480
10271
11132
14217
14063
14716
13739
24273
25317
23709
21340
29668
9628
32794
28642
26660
36231
30314
34223
30038
37423
16429
39691
39287
31402
22568
38868
28820
19383
50381
47343
39602
8816
26013
29175
49426
36818
272
33948
52588
37093
56887
55866
27908
21852
46520
59920
63234
62594
3124
58488
53579
67998
60482
69274
60072
70803
60923
58813
49420
67351
75578
57684
74340
66349
71013
71088
70285
70776
31569
61796
74862
75001
80060
67561
51323
79194
79300
15613
62458
86131
69046
51787
81663
63499
89203
88352
38502
84991
24146
53981
93837
88211
