6510
6731
9832
13154
7734
10642
26419
26754
27892
32731
40676
39966
45151
38415
41150
40228
54260
54258
51500
56320
59605
61578
63451
61430
67506
68076
43196
84488
83684
76112
51467
88188
79643
88167
94619
66987
55577
86962
105513
109256
103508
108059
114263
117929
100521
91101
116942
106076
131695
47310
120295
142929
141468
142998
146044
59919
82523
160526
54987
44813
163374
183214
142780
180982
143788
25278
145867
192460
193080
122254
155009
209152
201043
141874
57701
223681
213239
220950
202148
63435
230430
213907
149820
136810
213464
206007
216946
207256
48702
206245
234182
259444
246479
264872
258384
207825
73857
256437
229119
25108
