979
5811
9598
20065
23228
26189
30992
28090
18134
30225
30860
28161
40941
35202
33673
33731
54673
65479
46416
78691
83372
90719
88301
90836
81065
62561
67023
110768
109111
110915
98980
118652
105132
114114
113226
54586
126938
120225
140635
133965
128755
48526
136181
81673
105645
93499
115689
121849
135818
118519
126831
156731
127280
123726
22828
180370
179448
77699
130294
120757
93447
44398
153762
91890
199365
201010
198231
195972
158337
156705
201589
132912
23826
216128
204639
136574
204779
141768
219340
189908
150841
240792
235886
216920
214288
181969
120042
240481
240089
102607
228814
236819
229893
260699
265094
213152
234259
202944
118854
256340
