625
1024
1754
2591
3149
4496
2206
2529
6595
6351
6114
8928
9791
10310
8563
10142
9315
3068
11904
10567
9950
9826
11876
10516
12693
13137
13292
4007
14289
13353
14945
15895
13195
15130
16819
18950
18945
17459
19933
18088
14313
19500
20898
22504
19407
18424
24063
23640
22640
24921
25228
24835
23977
20809
25266
22907
20157
23197
26095
26465
8614
26359
28338
26691
10251
20834
8507
30428
29380
24746
25793
26723
29123
27419
34352
32935
29885
35403
33571
32068
24332
23634
36001
34555
34951
27433
24851
37339
36418
35191
33680
38124
36534
29518
37934
39416
33182
40197
40591
41043
