190
3476
4205
7933
14354
14410
15474
25029
33000
26506
23114
27905
43430
7880
36825
45639
50467
41334
54959
7886
53297
60864
46821
37630
56851
37434
62510
5068
67213
77169
88463
70869
94069
59905
61470
68593
57584
104862
97825
24945
108668
108924
104215
60478
109235
119740
123827
107716
115398
92001
118698
101016
48559
95770
135841
131044
137721
98035
130896
120392
148182
140311
93223
81538
143449
129926
120207
163918
162913
168406
161480
156938
156457
125819
58704
112508
158831
148733
119290
97900
165769
137071
177435
172113
153324
116573
184395
148931
113302
15784
194748
175642
191142
189235
111030
190995
201328
197941
156013
71091
