156
938
7473
15581
17434
10583
14482
30583
36684
6635
44564
15403
7974
34238
29989
66642
11247
55673
68777
44345
15894
46912
47163
60927
47030
56395
17010
24176
14858
93843
11199
96470
91424
103884
8769
138384
147389
125401
101110
43903
147760
114419
146073
86353
136616
73908
135452
119887
81881
144743
146931
31179
89637
42407
182305
92093
143377
84385
224581
114800
193478
163379
15670
154182
174908
224045
159006
147399
189446
204283
194755
114837
243304
27384
174539
113610
49814
42222
228359
217775
2214
143840
117087
61401
260310
54661
187125
95252
2755
92242
50456
235075
72601
48826
41003
237403
4964
3960
86176
50449
