46271
49882
7191
10800
171184
16790
41217
81770
43806
82751
16849
257716
169930
193193
1472
50410
4801
114318
67908
91521
89026
17159
41562
24424
208115
162753
81989
54008
61071
227881
137235
45864
255027
165691
60472
156636
105521
76841
55197
219011
104382
50949
192338
18204
35000
30226
126426
50380
41084
38910
29809
119012
63343
176896
99125
96851
126940
122320
36630
199322
209479
183984
16979
211673
135580
124837
64178
244315
236279
206109
197461
161159
156697
88975
69711
53027
264785
229262
226497
193219
185159
89550
84223
61461
51626
211649
186727
179106
14155
95943
9432
8853
85021
77718
65005
51783
51020
40140
30923
2822
