3425
11331
12739
24414
24000
28011
31439
30811
38372
38345
48294
59179
46670
74091
39395
50844
63647
90085
73337
98891
64546
85376
54850
70296
84962
106758
121678
110554
101209
101812
122031
67786
136580
140269
125809
153130
23000
96433
136539
74375
157351
143876
189225
187341
170550
202624
154422
138150
177939
191048
217973
211826
230498
175775
225029
216608
203859
246891
237409
176199
265278
251110
162406
266861
233431
154587
261318
249253
223071
257195
251572
250811
247618
201632
220666
235834
216247
128427
266409
134982
119231
265874
25496
133098
178445
254064
4169
247179
82281
173216
161564
226096
102161
164677
150208
169824
130051
74740
7262
55184
