35
2695
2240
4885
6970
8217
7607
10843
12266
20800
21539
24536
27305
34937
33799
43200
44606
42794
45932
25935
57294
41551
47135
55757
71355
75179
47631
92893
68379
57311
94612
54757
111950
91048
67571
94647
59065
65554
140365
75434
123039
86622
142588
150002
120911
77514
146202
66562
117360
146193
93334
154187
167500
160183
183715
182391
92968
190408
137290
195673
150758
167465
168444
166322
171421
207060
162111
147443
236148
235497
187424
248969
179472
183005
250441
242178
97423
264877
218432
192932
168123
3011
210402
212703
260982
224091
165617
231113
170222
189107
235081
205120
177451
245168
57064
34465
198723
169597
258997
151383
