342
2284
2553
2524
5184
9660
14095
16875
26883
24093
24344
30010
27638
38548
15281
52521
41844
34441
58866
13851
42346
10044
48019
41720
70900
89052
33679
66470
70978
41523
2084
9880
128765
126684
73195
140142
122713
30664
120438
92246
50903
95799
77274
169572
152339
59778
3112
185196
159642
151164
103995
120493
48929
135428
147435
170828
107980
769
259967
23565
194125
256721
254518
56986
187563
218101
238130
19409
4481
16939
83847
2837
91454
234190
130815
79983
85324
8771
40370
67924
176521
79075
1529
105
253216
46576
216924
122402
114885
96023
7038
250428
236252
8540
4053
219960
123830
57515
3883
242561
