5951
4207
6653
9965
13618
14690
18951
8154
22644
23412
25564
29801
8042
24240
37808
32797
32961
32895
46231
29886
50767
3668
33245
42569
57854
52388
60280
66436
65968
46945
62661
57978
73965
41422
62948
77135
54951
44332
34266
78584
47538
38884
27588
17675
84786
80014
90943
95312
87634
87048
74295
90984
82364
94847
74900
81634
106230
80684
53647
102864
107898
89298
111321
62640
110855
117233
121514
125102
78836
127514
100717
92145
131237
110049
90300
115724
128162
124098
142310
132378
100863
132453
105824
127983
156440
136099
161300
146064
121437
92989
129663
128114
86727
147681
161880
63703
150326
130633
120667
141372
