9853
2254
8984
3609
7941
9101
15166
11742
29889
23493
915
28164
38614
68264
31754
50565
26769
50873
56236
19020
33751
28170
72918
71175
733
58856
61045
30928
38917
40286
63453
86431
87706
31673
58312
73651
35245
90058
73445
3624
97942
75267
43875
41909
21640
98950
32902
150252
72604
80261
75154
26068
92268
89234
154348
104167
204252
13308
1637
72868
73998
33966
144756
43539
147337
97139
233230
209297
202618
136887
106600
99714
49287
50005
160866
179798
92214
164103
258550
54243
85837
244409
14801
108660
1553
154031
48335
266065
92778
220424
131226
208439
40922
256888
239911
149330
131395
48454
57844
53945
