1537
3436
4432
7680
16268
25237
20867
35407
22520
47632
48058
20031
27744
37345
52585
1447
64189
56653
75975
75698
53049
91234
43121
99876
88621
78690
59956
91735
68537
71046
93824
58564
111028
113845
128980
121547
133840
48138
143288
123942
146697
158878
83665
116363
173354
169456
175850
143209
37397
157660
67076
188327
180368
30904
48821
190890
206725
187365
110278
109087
204058
215999
17428
166517
141662
141379
230145
136843
128207
220322
113555
236165
196318
182661
145638
246199
244285
264805
190411
213012
182460
242008
198595
220846
149492
260754
233947
260252
224661
130265
68713
239062
72975
201725
105529
212643
237981
118233
47310
261146
