532
2723
13692
16298
23669
10320
7662
21235
36583
46896
14743
46072
54624
57898
41385
44225
83281
64316
5978
95816
133189
74828
43282
57899
123058
140712
75176
156607
126594
4129
92578
112256
99920
15671
131062
12754
15886
9891
142801
198029
151218
32949
31366
231744
102069
188420
205032
77714
34452
241512
257780
186138
144812
108928
228324
130328
88789
206138
259427
225877
221055
132019
113215
190444
48104
104518
192109
205163
198793
245192
81093
254605
73524
258523
159978
195780
168455
121074
241888
263501
243976
127196
76236
111876
264155
69778
55401
178669
123638
170089
166550
214598
199619
191964
83379
163624
128004
157996
52503
184617
