125
3757
6534
7187
10171
10655
15176
15152
16956
12586
17624
13521
17895
15423
16706
16815
17913
15797
17541
23979
28962
27452
23480
27912
28790
26487
38865
35112
28008
11224
38243
25182
42904
33031
44975
40880
43252
21787
39774
26832
37459
53368
18965
34420
48845
23596
55055
31151
46700
58038
57867
48782
64982
40768
52954
12038
55428
54502
53864
67682
11510
71993
63524
69961
71325
30654
72701
41426
72708
76006
66777
45682
74197
64869
75955
67604
77323
40215
81199
75634
47641
76736
54536
54021
79631
53419
79539
83710
88628
87169
82856
47151
57004
42359
36578
104743
103254
88273
79357
111898
