2346
2292
3180
4838
4290
4421
6910
6543
10335
9859
10746
8264
12277
11923
4528
13859
10181
14188
13998
5975
17628
16992
17944
452
15618
13609
18856
20738
10849
21736
15641
8828
19806
22187
23297
18024
19455
18816
23410
15990
19322
23013
21267
18524
23302
24164
22558
29921
16099
28557
26228
29460
26926
27930
22031
30800
24234
24647
33859
20318
30375
19797
26920
27922
13505
32514
11375
20247
36472
29773
34834
35637
33337
37507
34073
40480
36454
25195
28125
10223
36067
41857
40895
34109
39961
39273
30990
42352
41251
32619
39969
39304
49072
38618
39785
39354
40239
45750
22442
28665
