4373
12388
14409
18182
15764
19083
27599
18191
27091
37570
40354
34784
3772
36662
56225
37331
51915
48548
53643
52596
76703
77133
81584
71550
91844
86061
70393
42557
63772
23860
102454
105042
95932
93706
40161
86852
105614
123966
105169
87638
94830
65913
126385
113583
69417
118257
113592
101921
91979
14544
98818
57401
115974
161806
148801
61902
92073
139981
179066
106725
144991
186139
163995
152889
143492
75730
184010
125047
210674
143543
132155
204177
215390
181006
59677
189281
188975
135167
168241
156415
229092
174114
163003
102167
222017
45085
217302
198865
218476
241718
240569
42653
158582
81762
247026
212509
210313
166121
145381
265078
