171
1387
2457
3250
10025
15930
13351
18065
21055
25813
22284
20854
34540
41822
44479
30116
43716
51266
51799
36241
58371
64569
67400
61990
86682
45541
39988
100347
80778
40230
113090
85208
105072
75693
58562
94082
135482
130241
117699
82329
121450
57952
150463
91025
83491
147305
172428
156597
157860
152773
31150
162747
196693
181464
54254
23376
176271
163784
141866
186234
116185
66473
261858
256248
205300
241464
175071
18286
233321
175621
23612
244924
208778
263647
246699
23712
94318
206829
183154
38019
265399
257015
250026
220733
193687
261684
191474
176649
70416
149058
228962
125173
228774
228060
244757
191425
154559
91947
248635
18255
