643
1607
2153
920
1287
2356
2839
3327
3208
2369
3325
4603
4800
4626
5609
4694
5969
5782
4404
4868
5888
5730
7190
6353
7181
3458
7118
8265
4807
8034
5966
8404
7994
7748
7553
2541
6814
7514
8603
5376
6367
11615
10491
2043
4480
11222
9461
8360
9014
8149
5244
6868
12944
10628
10537
2042
9978
11890
11256
8310
12009
11685
10432
9723
13057
12550
12032
14000
12414
13943
13155
14025
13459
3900
7791
11385
12340
14261
14351
15553
11982
15221
5995
15399
13120
12597
11618
8228
13830
16450
15156
14420
10688
15486
12350
11411
15916
15238
13039
11110
