2611
4202
7547
9511
10519
10217
25469
26583
27002
16886
34613
37539
33851
41258
31606
37454
37520
30253
17457
45826
43409
20057
46933
41545
41098
25149
33118
32413
50004
34036
51231
47630
51887
37964
52399
6573
56076
52820
50003
46022
38278
37324
46429
63273
26024
68730
60658
74742
73239
54678
52952
76805
57411
78326
78919
62912
87174
83826
70590
61362
78365
69988
85730
101533
71315
103827
96520
104940
54582
81895
111409
77769
93215
79262
120434
108557
92694
117904
120621
110810
126651
119328
105978
126204
119503
62208
136785
110976
136751
135222
74009
136748
103015
144468
130651
141083
150122
67606
144335
118511
