628
1269
1346
1355
1914
1485
2677
2462
2810
2709
4106
2665
3337
2242
2469
948
5093
3410
2697
6036
2447
6047
5653
7068
7651
6058
7542
6920
6371
9349
9184
8575
6521
9080
8278
5350
8682
7700
9512
12465
12926
7172
11412
11574
14998
3971
15196
5711
18631
5438
17596
18341
19279
5104
19966
19423
23404
3235
14988
16055
14854
22904
18521
24317
9226
21348
8812
23867
24668
25844
26517
28244
20451
5755
27634
24470
23848
31296
30406
30142
28115
30706
28101
31128
34022
20829
22752
34747
34892
31019
35389
29332
7689
35262
13235
33615
32976
31714
34018
10047
