2235
2073
1727
3819
1932
5566
6936
6360
7921
6203
7627
9549
7042
11022
8488
11945
4334
10221
8302
15914
17788
10621
19939
17493
20857
17316
1541
15139
15856
20999
17731
14888
20577
22887
18511
25386
24402
25403
4436
24229
23004
24058
17936
11754
27500
14864
25537
25382
10305
21635
16171
15203
13367
32174
30183
29375
33853
36700
20053
37554
27109
38421
20012
33076
27174
11033
18435
13429
42475
40582
36952
32127
41557
41197
39651
13296
47141
46340
42234
42829
48709
42766
35598
30596
44139
41699
51417
51573
29795
46444
52463
17262
54785
55738
55609
48643
43097
53349
52696
49488
