108
802
893
1180
1128
1548
2136
2138
2911
2347
3953
4147
4733
4562
4040
5434
5486
4943
3636
5627
7144
6682
8171
9301
8033
9737
10016
7294
10663
11217
11490
11159
10186
11781
5302
10954
10345
12035
10689
11846
13109
8214
12048
9873
14508
14423
13102
11200
12371
15449
15539
15169
16060
13636
18401
17998
13690
14443
20219
18793
20710
14039
21614
21079
3572
21141
20373
19714
13755
19913
20628
16191
21152
20846
25215
22313
22981
23510
24736
26234
25748
18851
26450
18404
28834
16597
25235
27580
23188
29946
26350
29333
24871
23343
23162
30409
28932
30380
33345
7505
