577
1179
1449
1556
960
1944
2018
1490
3727
3267
1683
3489
4028
5481
3766
6337
1775
4720
2055
7790
8398
6875
871
10533
9858
5292
15080
10021
13599
13572
17341
17076
15135
4712
17310
21007
2325
16921
20935
18848
3546
16391
22875
19610
23733
23769
26940
24878
16858
16721
31033
14601
30099
26507
31374
33834
33367
29628
11727
35743
34733
35673
19133
17414
38882
31133
19936
43018
14780
34463
43616
43694
40064
43807
38601
34429
6787
44809
43005
44996
7655
41472
5697
44303
50046
52344
53282
28225
19278
50342
52448
58776
41089
20264
54337
44839
54425
18766
56524
64601
