229
568
3701
4223
6507
7798
9662
3479
13143
12983
19072
11313
22203
22560
15786
29390
25250
33971
34887
26120
13475
16260
37130
17985
40997
25322
36773
17849
37597
37935
39234
44931
29760
42821
43249
55806
47541
62335
68424
50378
55770
45330
79943
85416
52504
77580
46898
83168
88049
57821
78135
25768
75190
84000
92381
55662
76354
92109
91178
69053
66398
76555
85691
115743
84505
103354
84810
112005
114886
87406
123987
101174
139505
116210
28124
10588
137018
121461
121441
120318
95266
127806
130809
137731
69762
136964
154143
152257
117852
119959
27163
150804
122759
97929
104274
154537
143779
45784
43396
62124
