1501
1368
3482
3498
1425
8658
10209
12627
8593
2579
637
10908
2303
18101
19741
11275
19897
21081
37002
35087
9976
26248
36917
20054
39185
26287
48768
30905
23481
21170
27878
42232
8848
52099
7410
58832
42945
64004
49854
63326
53070
30090
36815
77847
27811
40208
61231
32543
78900
54242
70394
67093
97048
8493
72543
69001
59745
50303
12796
53115
36265
35527
103048
67018
115852
114416
57450
126691
90388
95344
23775
28826
119560
121661
109997
61812
81468
41695
128037
122465
120157
135633
137676
108263
112618
7656
72307
133894
143992
132364
122426
95013
520
112646
126699
38407
87844
120011
47666
85311
