77
165
444
461
320
879
523
977
1349
1048
253
1828
2064
2037
4921
2218
5313
6094
5719
4825
7807
7931
6228
7399
3935
5008
5835
8834
8857
8542
12476
1783
10430
11854
2485
6850
9201
15227
16784
13491
14741
20161
17704
4395
11149
22562
15628
25393
24739
8655
5652
21940
18352
25191
16941
31306
26843
25271
30601
24998
14637
15603
28620
23706
41103
1585
12979
39115
39342
12706
16192
30290
28423
17656
43931
41819
42043
31564
46428
49707
49246
46077
57396
35455
23221
48982
48405
36071
48261
64768
10066
44761
59553
13791
60351
50080
21626
67182
42296
28689
