449
346
758
1580
7519
4043
6486
4639
8148
3406
13951
4677
14108
23118
11039
20711
24368
12283
2329
1498
37830
31079
23304
5190
36317
24836
13078
7756
426
4842
18437
19183
14515
46783
4126
42566
22326
6775
55800
51139
15942
51548
39259
37653
30873
29114
5343
16607
31137
34817
26202
21919
22756
7380
66653
54194
11452
33644
7498
20775
50700
10733
62383
65690
11831
11213
28503
15726
45980
4087
31308
69186
65605
18076
15936
99168
27394
50645
111081
58743
70290
6065
38411
78992
26923
85367
28349
24826
70121
19976
22771
2407
74454
63939
83140
41202
79040
83173
73318
61725
