2339
13298
11390
13655
19499
18264
21969
31553
30902
21006
32075
28529
38565
49511
40612
59264
55957
63945
70873
66137
80509
71279
63555
87880
85781
73374
97065
113113
94208
144444
133371
113462
144764
128529
149403
149789
146899
177952
168921
157341
178293
137561
75150
178559
191700
208981
128763
191582
153574
198634
194722
191043
130641
95383
228055
167526
252627
187891
255166
225884
264834
211554
250503
256000
251381
189353
250196
243724
247626
180218
255127
21227
8141
27506
20308
79769
56871
21326
232686
185647
75441
24843
135153
45158
26745
233531
45578
2960
220294
47859
24985
144835
9134
92353
47756
195559
48102
254940
234329
193680
