1771
4751
3279
4965
5001
9094
11605
10685
13542
11115
13482
13595
5207
31126
33510
29013
29858
39737
33429
31761
44852
30136
48898
49786
48571
31784
58393
54978
60085
25512
63181
74960
28560
81135
79977
79572
70111
78060
88761
81857
96444
88311
95066
92373
84816
113150
98056
56460
117455
119410
115319
130262
129813
130883
123697
136787
142481
131564
82619
153946
144628
127990
107474
167356
154251
173206
175602
165241
159003
180564
173179
161606
182964
158693
170775
157287
178777
205734
202022
201186
206140
190038
210474
208755
217367
217045
208308
73886
220505
219062
208177
220068
230406
213086
211603
164752
231873
139286
230313
179844
