4369
4150
4556
16554
25194
25057
37144
29451
25723
56145
65223
76067
65326
81774
24128
91415
54068
88738
107618
82636
123458
117436
109379
64756
119716
110426
96869
128656
121136
155282
131045
61163
162010
160056
173656
6495
182895
151921
188877
175632
197572
173985
145494
156869
60667
213977
172206
220055
174026
229932
170041
134394
119034
117446
260237
236124
219833
250113
249227
201621
189349
114764
242253
47227
264139
206670
124289
256201
163739
222122
180530
119279
251614
140536
223456
117611
265729
186692
189274
70361
45193
109001
56406
202391
86871
33378
168350
22214
263956
34837
228302
200358
166688
142390
565
51757
17906
63720
32614
179339
