210
289
773
603
931
310
1526
1638
2186
1495
2443
2993
1041
1460
437
2245
2180
888
2546
5113
4095
2135
1229
5882
3619
4854
4264
6846
6276
3020
6412
7591
7396
1755
1402
7986
7774
3889
7328
6125
3606
8989
7537
10582
9473
8306
2322
7406
7667
8876
3671
10796
8025
14040
12861
9581
7087
10033
126
12006
221
9992
9104
6017
3412
10474
12131
4853
10106
17561
6771
7076
19487
19526
9401
6147
18760
12948
10585
6325
10672
4839
20148
11974
8996
15609
18371
17264
15944
20382
22633
17063
1623
13237
23470
21898
19887
13131
17835
15360
