12
22
211
361
424
853
1307
945
2063
1435
2343
2935
3331
2814
2503
2587
2925
4531
4840
2710
6336
5214
5140
6139
7130
2899
7875
7263
6101
9254
5601
10313
6967
1341
11909
5618
2248
13362
14591
9448
10395
15765
4240
1637
11824
13882
14760
11355
15534
10656
15076
6897
3171
20475
14257
16066
20389
17379
20871
10137
25234
24538
22236
20672
12853
23415
20419
14269
26618
28996
21478
6675
26637
16762
5261
32915
21918
27583
25373
25192
13545
4055
28886
31011
31298
38474
35246
4406
29405
26974
34656
10052
40603
35997
2912
34896
40027
9698
31044
34220
