21
789
11643
22391
24220
27771
24024
36677
44033
27843
45587
59861
85373
49946
87498
60796
84273
66831
34523
91182
78812
95183
107661
38358
102332
28265
91066
41517
105775
19798
108816
96248
128157
145391
89370
126956
131133
152896
132438
134045
164664
140667
176992
107166
145283
186078
142077
118628
51606
187551
149263
83396
88661
193513
161553
191063
181472
140901
156228
206443
225730
117291
210707
204285
241000
191826
178995
150737
127113
246849
193609
255925
248190
174652
242522
134130
265512
194247
246677
195022
142224
137157
123042
242214
207253
196106
131388
237550
218598
263297
110101
140829
98842
95040
248371
143562
250602
238281
244758
69755
