423
1265
818
1157
2237
309
1688
2866
3027
4375
3132
4699
6175
6000
5681
7503
7441
6939
9736
8645
9707
4988
11482
6579
11795
9614
15244
15586
6212
10817
18339
19949
3924
22181
20140
11855
6087
3441
26962
24964
27313
16024
18567
17984
25065
30435
20218
27013
24894
28382
6917
12766
29274
17539
19614
33420
28664
34502
21662
31974
30772
18572
27357
42535
15115
44924
37806
36778
23398
42038
43928
36023
41634
32051
21895
42148
34372
47270
53452
48868
27971
52545
44238
49288
56015
47999
25457
9708
60765
49980
42374
74184
67044
41777
25604
74544
71775
49033
53028
45906
