15148
7531
17660
25996
14164
10845
13273
21747
25856
3981
25335
37115
64042
34267
2159
45039
69268
75885
88046
53479
59805
73663
62339
100471
9709
78116
88409
114183
56628
123359
92312
116401
124358
133916
92427
130426
75275
129463
152341
184999
133281
169592
202149
206050
189417
43174
224451
223057
180782
229429
217505
227287
246874
208295
247172
251060
254750
262579
266423
262798
254940
217672
251978
240974
4623
220916
140898
42659
201138
63094
88953
260708
24885
109357
100146
134861
33201
247205
1781
169667
168799
186073
262275
162037
144916
129908
5375
229940
194779
135545
112253
108015
92889
9139
89081
88978
50983
27101
220907
2115
