1554
864
7832
10226
17020
19631
24572
31440
964
35912
56420
47368
23894
69408
59660
13271
79126
51034
5989
82960
84933
25468
59387
46755
34718
107109
117960
111711
142297
120099
17350
88687
99804
84065
151912
143489
130152
162084
39919
175980
188833
158212
77530
190184
157728
76677
93871
61462
216776
100125
110169
104320
150739
121990
212033
163266
99036
44087
262450
135241
184378
113335
258809
57313
162339
242087
67837
152318
234906
135599
179684
232796
220562
21859
141964
119540
72133
43221
258191
261158
240991
122604
53633
212474
53503
264117
132377
127917
206187
111083
10565
231953
15664
259697
74379
71540
45886
122971
263277
25616
