666
5496
4663
31831
42956
30709
50193
43295
23141
48872
21693
60154
57481
71479
44199
55068
69574
85802
75715
93819
86039
60930
49295
146208
167075
137428
98826
200757
183682
130939
67837
217458
156317
198688
142155
46612
148785
123349
189201
136027
8028
253416
224236
152897
75182
24941
161960
155497
196549
186028
42551
132670
53232
249837
145025
123315
90820
71515
35489
263902
72262
27182
98994
97589
108753
260615
231913
61371
39941
238435
174982
37953
43332
257303
201856
115337
73054
48848
35368
29444
29244
108274
23271
2214
56587
174569
114188
6267
18667
126230
226053
186496
94290
71469
246060
55480
54110
230606
206187
18122
