14
466
3160
4176
1886
2942
12145
8814
8342
1078
12402
17175
14150
268
7882
436
10460
22206
17990
9161
10267
9380
2330
10327
7356
9467
3815
12698
11449
7390
8005
20287
8523
31781
5499
4465
1326
27622
32238
32458
26033
27464
11000
27676
23102
8413
10745
18465
24453
16853
8234
10270
12961
42978
1970
57751
37770
5504
13492
5026
53786
27062
18721
22639
16619
34932
69111
19405
22685
50772
20121
59657
51405
47222
18607
42724
36676
37969
75307
4049
48218
36868
64456
5080
4782
47828
81151
33756
79259
1234
94164
39757
75950
45832
88359
78944
14641
121040
47774
79664
