2833
4098
6529
4447
9801
10287
11468
2043
13444
11007
14160
12959
13515
14989
16343
13590
4711
14573
14270
11630
15836
11484
18639
24350
24228
23429
21991
24889
28590
18645
33624
14814
10330
22897
23147
18259
19469
21218
31982
18822
13151
37563
26209
31703
17638
30102
22288
23471
35610
8777
14402
9699
6086
18924
48226
30484
44871
38591
15304
51322
31957
47903
19364
49097
46690
32862
15339
33064
27595
49881
46261
40728
24272
40574
58250
13697
30549
41858
62860
61710
41549
58476
60919
65571
57214
47771
44384
43479
55618
59429
56560
53719
61173
43184
68159
65899
52369
66360
63056
20368
