519
3257
4636
4358
5087
5570
5556
8921
9106
11376
18010
16996
12579
14999
13893
20082
6823
23644
25525
22549
5699
23900
29272
29822
22802
9251
25115
29993
34380
31612
26449
28907
29212
35106
44031
42230
42318
28984
23467
20617
49596
57452
56815
57706
26271
57492
54350
25606
54240
61350
30278
33495
69414
16675
61285
57806
12148
71045
67406
58942
76847
65478
47244
65055
4875
80762
75133
64035
56400
2052
81519
52433
50405
75312
66404
64239
81617
67662
45093
76474
71002
72950
48694
90028
88907
81056
90053
85038
84107
83521
66013
60965
38866
15923
86356
86774
47318
13637
93944
83077
