8799
9814
2884
22525
36561
43314
12475
48541
15798
37342
18028
73853
68884
24315
108543
55402
134299
23120
51786
64050
137301
153974
167361
150064
131618
135626
162714
167829
123292
181296
129506
172213
112270
123990
164762
104713
182970
72975
57799
186136
227498
108972
32487
138858
83291
182852
110244
49276
237724
211417
257359
2262
154462
154467
93968
210257
221689
97988
92747
221655
215888
192356
9480
248988
241889
43545
154695
181869
198298
218024
154369
57026
47242
16437
233941
213707
101873
193206
132390
163847
111031
39152
206010
172312
196861
220264
3354
172709
107886
32537
110844
236967
215332
204594
150278
198857
112328
101164
177858
17220
