4801
16979
36630
41217
61071
51020
191949
81989
244315
165691
50410
192338
60472
16849
82751
45864
211673
38910
16790
193193
124837
67908
236279
255027
17159
81770
30226
10800
55197
89026
35000
64178
229262
197461
183984
99125
179106
178725
156697
130388
126426
54008
46271
29809
226497
169930
126940
105521
91521
50949
50380
241233
227881
21563
137235
119012
114318
92051
6432
53027
257720
250245
250032
24424
243739
211649
209479
199322
195884
185159
18204
164122
162753
161159
15453
151116
1472
135580
122320
