3918
7041
9578
23442
23309
20596
26978
55255
52301
50470
58902
52518
47660
25774
64321
52946
16012
90551
81668
42443
46722
88195
76663
86358
80755
105316
97983
104575
103369
118210
114510
108020
118018
96779
145901
142146
139726
39017
149646
151691
172898
151273
176810
147506
200525
197132
198151
190487
238236
189526
239356
211105
260212
42360
231369
201120
164122
174612
239568
152097
118316
257228
264146
45914
177546
236656
265421
241914
263403
41274
5699
160524
240772
229794
94222
64702
262118
156199
4336
211673
120376
34504
99221
84528
258207
122320
146432
53239
45058
23592
102845
58013
27718
254068
252951
219011
168254
166191
160271
101777
