2696
4323
9724
21192
25848
21441
20737
16905
2341
36250
41461
31560
36770
77974
55331
59313
828
68489
83126
88269
50850
2817
44330
65638
12841
106657
358
88396
9869
86681
91211
65552
93197
122306
44241
22910
114818
129713
87032
58819
123543
164890
136511
135978
60291
23647
139916
195956
202436
95897
175841
226826
64234
192915
199068
188221
131116
131034
196800
222295
209307
192491
60947
1429
122907
17430
118309
70410
39176
251853
186611
158181
79696
263056
180304
67961
107000
251539
170393
59004
4301
220016
19958
186133
170450
93768
78278
7686
28991
37269
114792
172785
143509
137178
235672
62723
155826
1012
208172
12895
