5061
36011
20209
33292
49009
38176
31281
19589
68505
69200
80642
22674
114031
117748
108327
116682
140493
107773
94598
119978
132017
149490
134179
155299
167836
167059
85687
157663
143772
86485
151077
159438
146224
113620
209084
190202
184360
7570
200754
120325
113470
191441
188013
224948
127558
125767
191873
55485
254038
55035
152288
246116
162238
107838
264970
223451
178091
155896
59511
249879
235666
250728
202275
243963
193811
182655
250065
219443
232702
188490
103192
222369
54358
131590
209099
199656
135122
28772
138460
219521
226378
35418
187255
68640
26187
208562
219178
219157
204622
147158
13113
169995
183447
192611
180330
115301
77504
182415
203944
181606
