510
913
1253
3665
6037
5101
988
9811
9499
12218
11245
13704
16664
16485
3692
18160
21121
22119
22363
19707
23289
23783
19392
23933
18244
24086
28136
30969
28218
31654
33968
36212
28920
38445
39305
31
41811
46803
39783
49929
50788
30647
51655
52414
50864
54751
51060
7121
44676
60789
65132
24403
57815
65860
62559
73789
57832
56005
52675
1982
74765
72042
85576
88160
26004
90021
81777
66520
12190
90531
79409
91497
94423
89902
68801
95578
94705
88914
80159
74894
97472
83172
47345
99961
96853
100616
85434
80993
106060
103402
92533
90896
60250
76470
69509
101723
90448
76991
113154
110668
