3495
4092
17622
17825
11419
18678
27654
23418
31369
25154
14123
19662
14961
58918
38283
20948
23648
48355
48330
46918
79442
56798
69149
48381
86532
35699
7185
94458
96766
81252
15074
84738
76246
34284
103872
58105
83982
39149
131403
127757
63964
38053
90538
14832
132983
119178
109978
162304
119550
92951
71846
76841
108143
86188
112293
58929
110012
139219
173497
53617
190798
174063
137688
80885
119542
40499
91399
160979
204004
74318
219499
188884
127310
118777
102064
223529
157452
175121
135266
222145
184429
124736
11644
44412
252921
182795
145109
256317
186382
242216
226782
245623
244339
221255
130149
51551
168819
148579
242365
205898
