677
7518
9631
9947
10581
13088
12915
15573
17943
18251
16069
20783
18367
21780
11301
19985
23753
13614
20195
9949
23901
27304
23090
24820
29915
29561
31097
15810
26610
29103
14514
34074
31488
36449
34944
35954
28140
19188
39662
29548
19422
29315
34111
44900
43076
40226
49127
47858
51557
42782
43879
56716
51261
56742
51486
60451
55054
63368
57440
55037
65091
61123
63442
68363
66932
55034
26750
67754
37644
73911
68130
48305
72647
76077
76083
78396
53092
56759
82928
82917
79850
76438
86393
82091
85460
88002
83850
79783
91139
87293
93455
96574
95381
87038
13375
90778
65514
100409
101564
55840
