1692
2987
4237
3838
11788
1039
32013
40634
38330
31043
36510
44223
16108
64467
37814
65676
41745
45400
39905
12128
10383
42233
30445
75753
62851
35771
105558
119773
109336
125346
74261
75260
85066
149812
139414
130067
135443
159267
109295
41390
54753
114599
209282
95850
171002
203792
191385
79892
153322
136329
187791
159323
89531
184982
189276
15225
215869
231249
165373
120009
178509
227746
173119
156220
222826
216547
237022
231238
192319
253457
21085
233400
110486
159144
264158
231147
214661
99645
239927
88257
37709
249520
196638
155347
102090
203345
179078
168129
8602
238738
125699
38156
141847
182343
118026
252555
213834
128200
8980
171049
