1687
2221
1121
3236
5198
5698
10055
17438
25420
19368
25068
15178
28390
44799
35597
25746
27154
42642
32065
22632
27042
57870
35992
2013
79158
60302
27734
74158
68515
43111
53107
45976
77203
71788
105928
75847
32685
74901
109783
122653
134432
147546
148721
94652
155480
135782
31018
142874
145313
144357
118952
177085
168710
160813
86019
166218
131211
190111
174453
135351
167160
142012
155876
72438
203900
169811
206734
202111
190784
186356
229102
174333
155880
104583
246321
177007
223267
266837
230300
209145
224421
198883
250052
183435
181871
264452
229372
149833
231876
172610
212244
136281
119842
226177
135457
199393
88452
80176
199758
264819
