3080
4422
4252
4435
5751
4901
5974
7658
8674
10545
9436
12157
12485
13493
11372
14778
14698
17284
17016
18972
17902
15517
19310
20849
21114
14109
18753
9287
21108
15960
16258
25663
22654
21075
26912
26899
26204
18866
29954
30053
28935
27609
32816
32186
28758
16544
30358
17344
34832
39388
39830
21262
42687
40864
42488
41337
34473
28130
45283
38851
38735
33605
44865
44907
42293
39226
22652
47367
30040
34855
48644
48458
42638
46718
40078
43843
42103
55131
55106
52720
59238
52421
42421
51968
63388
59302
38784
56111
23106
57599
22185
61502
50119
74095
70727
37566
74837
74494
76476
66872
