8666
13653
16962
7630
28571
16056
28372
18779
12757
27003
38606
31263
15211
28817
17093
28504
51066
35269
47923
41859
44311
43860
32100
58633
61148
66480
51419
63881
30701
64748
65936
83696
67999
89289
70935
70514
91201
79536
95210
46590
69913
54316
85567
87731
113142
77100
57252
68103
99303
85956
100502
100610
117548
101087
92159
101038
130267
119883
52565
115655
7734
120115
127935
112672
137048
100511
124883
101699
141044
113009
108355
99626
96422
44089
120675
138212
137950
126375
121429
4293
61129
156996
144861
146553
130441
161240
161235
155265
134296
130600
159034
116163
159394
155709
82287
171974
113127
173867
173541
139763
