95
902
12290
1186
13895
2505
3831
3788
6508
18640
3700
8722
22636
11215
54155
83911
3210
3070
102320
47468
44458
8038
77889
28977
8281
72030
6127
92765
34128
50183
124603
80106
36110
42820
34630
171350
95080
115399
168574
100006
60016
240693
74175
129311
47680
121485
19724
40655
176027
125568
102299
97832
16002
14925
225202
58008
142701
7938
369
52512
156979
143905
235645
179156
115934
96688
94026
43241
14310
96233
76314
164339
113461
29219
15503
110600
41960
191815
96612
19406
141756
108561
46601
30201
184814
10009
54070
25677
104656
61335
54079
209692
80356
247706
115694
112102
213851
257930
238915
106276
