1133
7615
5889
14175
8107
8838
19789
21878
24946
28297
23287
31861
34440
33073
22062
35930
39682
38508
39750
49699
47811
48008
54823
63612
67275
63310
67493
65723
47336
68995
65881
37360
64754
70473
73796
85131
27738
72880
74290
29303
89303
86680
78168
95400
93954
92135
76822
86577
100831
92436
108819
68680
105174
98252
83325
106301
117100
78570
59591
103180
113495
125529
108397
129103
10382
130226
124598
102059
127095
93165
133118
117887
123102
82747
141475
138651
121808
100818
120729
113853
134404
126571
128391
122052
143991
151543
131927
155762
135975
2355
149619
157416
147561
114816
85186
163491
161180
21482
163075
159058
