287
496
652
712
1379
1838
2274
2953
2512
2970
4674
4021
4823
4741
5853
5864
6120
7685
6184
8215
5120
8833
10417
10127
9013
11514
5500
12604
13520
8730
13123
12705
11318
16269
14530
14387
18541
18765
11966
19382
8844
4504
11840
4594
17831
11926
17575
20315
17189
6249
16872
22345
12542
12656
17616
19454
21633
22362
21472
23291
21324
19211
29147
23443
15525
32015
8742
29229
27844
14898
27185
18846
30754
33280
24199
32305
30965
35590
31953
30125
29853
29800
28051
36426
29855
36761
33628
24467
12600
36934
31632
39878
38153
33884
31419
22856
37552
43450
40532
42169
