464
6777
5180
7819
9369
9857
8108
10707
11410
14169
15022
19624
22477
18165
23574
17537
28684
23447
26935
31102
39962
37572
44375
43330
45789
43705
44145
49615
52236
41010
44374
58868
58110
65898
59267
68742
55837
71354
56516
49540
71271
76062
76372
79318
81421
74359
75859
64418
79748
82949
63944
82710
78795
73731
92287
90904
84568
57668
94504
87452
48661
81933
58906
85464
78715
87005
104760
103678
100841
100792
98739
105714
104955
118197
108269
119755
113426
126619
127596
125262
105386
114112
121506
84425
122743
136424
94769
76199
143026
133874
144297
118019
101318
98798
139982
132830
147238
145406
151870
153261
