571
140
17646
15598
2971
26598
26402
36659
41509
45643
59038
52902
48903
67458
61881
69573
18704
69705
77537
67055
96277
62550
88678
70967
94618
104052
87457
107546
89491
101665
111154
122866
123494
121771
133993
138382
137831
137102
111047
99646
138014
154102
147519
140956
133017
83713
160458
154357
167209
159004
95881
170071
158659
38925
120298
88326
175140
186601
180172
176862
168371
152709
174621
170521
201006
159088
206345
205456
189500
223982
61325
233486
204707
235802
235665
220568
193479
126521
239435
192714
175164
242872
237155
223517
86451
246405
212386
258422
234099
124860
107793
225135
255417
231835
246407
253645
202223
224414
212742
129457
