763
646
1851
5446
23363
54127
36058
39778
93763
56338
72890
122288
119151
113474
69918
127511
113542
171848
64174
111025
89309
18810
67259
184864
98048
152365
124721
5716
46449
134159
151678
160505
140821
124654
217210
162581
218444
173582
100176
61589
244928
241405
196118
26533
218593
181844
163852
257083
197319
230620
225096
202717
170350
237953
111980
239308
81699
191908
265100
23026
108806
60419
54038
168144
132543
196926
181975
28807
253029
173384
255296
228012
236247
81879
15426
79401
28332
258039
124486
6221
264525
6666
140416
122894
89421
59367
46083
3518
82467
196084
122467
132494
7952
150866
82177
260530
227897
1974
181835
145527
