1116
1491
2175
1698
2796
3035
3238
2693
2120
4797
4413
3309
5299
6209
6150
6835
6275
871
7193
10148
4643
10471
8296
8545
9911
2917
12481
2712
14507
14897
7611
14932
14331
15019
17258
4330
15002
12153
1775
17695
19689
10835
13011
20806
15711
14135
20722
22852
6787
18453
17981
10118
11610
22630
24080
24625
20847
19853
14901
17651
16507
21971
25355
22555
19285
25218
16330
24795
24371
20733
24329
26968
26566
13141
18961
23786
30055
29711
29763
8258
33481
35870
32173
35657
38381
14891
29659
37879
31203
28100
42419
37332
37037
19647
35472
43049
36728
20736
37256
19621
