1808
5062
4987
9228
3045
1728
25239
21087
27100
27121
24489
43272
41341
44803
58074
32566
42743
30830
81826
47267
57907
80135
89377
85594
38117
75787
114572
100870
116634
142483
118536
128644
131233
97838
167243
153398
148913
176614
143943
198836
195796
198389
161761
123980
216011
210230
220592
227695
102632
231548
162004
246453
186527
191633
225570
215462
240978
261728
222093
196196
131430
77999
262049
138063
116349
260732
134734
162028
212946
74436
85186
87590
99791
65663
28637
181933
104195
50263
266432
201085
166417
176965
6727
43065
34160
50945
245778
249273
149437
108049
87476
181506
215743
10851
48912
32939
242287
233983
5231
41280
