7084
20454
17200
19112
17712
27929
32243
59707
62858
44873
59261
74777
69264
86415
76160
84628
90872
109674
86377
53316
100066
81410
114308
117864
127640
130616
139563
142715
111775
105246
64632
38979
103807
159530
89904
56199
156269
187580
182705
120288
193073
149732
148124
66110
206394
180740
167294
203581
175825
213983
91675
149769
192771
139831
120161
110229
58139
247326
187436
162900
240361
229765
258664
197558
197409
129216
120864
243453
220154
68226
90766
240225
258794
236099
58947
176198
115373
75469
173765
82918
213988
203260
243206
146151
83744
48729
266706
254505
227341
148259
229188
217195
144522
216675
203369
11098
146181
216650
192826
262789
