76
3684
3598
5046
12783
12945
22676
20472
12191
6919
23360
8113
24133
27828
27408
4348
30105
6962
31954
18103
9127
30047
34244
23364
20016
45557
42646
44076
61682
63595
32011
54452
45348
75604
67149
42858
70762
40151
58383
63583
55998
50362
1785
60750
30940
55913
22246
81923
53050
84562
67813
38355
88044
80902
87494
67672
87479
93703
107642
81591
112196
82874
134985
9212
138819
3378
140644
50376
135555
139977
132554
141880
126725
114723
61457
140879
138630
132714
165148
147563
70791
166877
104821
134036
97305
77298
53156
154186
181002
162055
171558
178701
161164
140492
58484
24277
181241
165976
98266
51693
