184
206
1345
1761
13318
16053
19807
1144
33200
19065
950
5747
34495
31157
28650
19082
38812
40566
15338
44512
68274
3986
91771
82850
68764
50606
100249
70228
57910
54811
103573
46581
94257
109463
102495
36014
67995
51470
15315
122044
103016
121956
139413
2896
43640
73958
52860
122175
64389
144326
134344
53986
77094
148239
127455
16904
154203
18683
139727
8613
172152
169975
55338
94055
36307
150054
97978
81321
59166
50138
198338
132340
116176
209958
133577
206605
145239
138329
32775
170903
152542
29278
155422
203685
206309
182325
214511
14143
17903
167879
28420
84416
58749
238565
232811
21021
61530
42273
260786
20852
