4747
10611
16337
8247
20591
13579
18806
25815
26088
23993
35750
45840
25107
27390
33016
18658
63601
64396
61708
53636
44704
47998
55952
23247
57117
81628
76053
67756
74429
52091
78531
101803
97783
96747
115886
87347
96285
91956
90700
109876
95814
95202
104255
119870
99663
126639
125197
4898
67134
53276
173039
130911
156042
108720
179706
186554
109828
132366
162435
212782
190870
187455
172720
159825
234957
220044
206714
125945
176718
166538
181024
115901
10871
191042
256638
218252
255275
241800
231721
260166
239366
213418
123960
37005
191061
264251
119252
255197
51503
207095
150322
263491
147280
47731
240984
225715
212999
251852
109954
252898
