5380
6230
11085
5633
25113
28487
26049
27831
38594
19912
38156
41784
36229
9870
40374
44579
71757
63619
43846
35857
101797
86459
82508
107651
103769
131029
17553
113582
126429
140340
127186
119840
4866
137328
50601
97822
90345
75083
156189
143258
143729
107058
206329
200786
114803
225086
129752
179556
199008
186986
244755
195468
195240
224607
207353
137347
91005
169973
207089
231838
93136
139558
103486
104920
260873
256763
194224
181387
12303
209759
106427
128217
54026
259096
196803
211
215813
252320
209471
253487
166794
146726
14092
111099
266400
169261
237757
135473
184860
40107
255645
212533
21505
197575
168937
19377
178316
232036
114271
42198
