8988
8627
10141
11303
13913
15251
12760
14038
22189
13585
28546
29638
40108
42368
45990
46586
40988
57100
55891
61079
47959
61120
59419
59935
64724
67291
84344
87830
62996
88713
98142
47115
50965
82690
95011
96127
109935
100150
91345
86999
115809
119800
122667
88657
111401
106148
98708
122095
96831
113267
102003
138368
139860
139608
141004
139158
126727
149664
120939
140449
89255
153071
145330
142474
140099
160034
136522
142150
154645
142622
118594
170743
170634
157685
176258
127634
181973
111167
110254
186153
191233
172719
188513
170946
200549
184546
174900
166083
133788
137392
210406
210393
199767
192672
212834
147479
198386
162322
210665
198866
