6198
9018
31695
33072
39084
41213
44789
49478
51922
57290
55704
54246
58239
60637
60573
59202
59251
64628
60231
67619
42605
31451
68673
56671
2999
83666
83770
91613
51921
95244
85764
83012
93602
95172
120569
111760
109521
123521
108415
118333
118429
133480
133123
138403
126232
127708
148204
138323
151898
144828
153632
147863
141602
139910
50194
162222
13933
156453
177403
165426
155668
182820
187962
185978
157848
198243
167088
135213
205809
166670
214212
220306
220995
213971
203151
229715
210307
200735
227317
236928
230058
178298
242878
222849
251392
254015
247488
258758
24658
236731
226814
253974
251171
265754
265546
243520
253921
242668
260653
256728
