692
1856
253
2830
2860
26012
19491
21169
3753
37176
43157
40679
37978
26961
56885
53468
24027
25942
43612
86558
100399
97656
85755
67115
90307
71035
523
83731
129391
94445
9933
13761
115838
60517
144258
129742
44142
145466
52766
70227
228221
228165
101221
231785
202120
9183
8866
221842
18021
105506
62469
578
9327
77321
30290
1585
39033
259969
1783
4395
82743
52684
2064
133193
85901
140050
224395
196372
165
160321
245347
77
184866
211505
72902
92165
47635
320
11149
60284
59904
3883
260017
18374
237601
196525
123340
9422
2354
8801
71348
70846
39959
193385
59530
565
237465
18441
64110
37750
