62
234
810
843
472
468
1550
1300
1657
2320
3065
4289
4986
4474
3531
7341
5414
7883
8073
6518
7289
174
5648
4482
9558
6538
9673
9896
11206
10860
12143
11092
13400
13634
13530
3745
13075
13200
6588
12251
15298
15695
15515
13157
16942
12200
17609
10775
17039
12911
16236
16404
19101
20400
17403
19664
21305
21796
21647
21485
22940
22873
15471
10569
26468
22622
46
23403
18838
26715
13763
24452
24744
23397
25366
10202
25114
25025
19648
17644
28433
27826
29102
22643
22980
29431
28292
25398
688
21459
27837
24142
32784
32553
34031
16796
35646
14962
18722
6709
