1105
992
1632
1720
1894
1927
2774
2775
3249
3694
3570
3369
2312
5616
5532
5868
5854
7402
7674
8219
6382
8370
8693
8774
7965
9153
10525
12263
12420
13196
11815
13857
13612
14722
15418
13503
14742
17311
13502
17473
11287
19544
17439
16019
9192
18629
21242
21109
20421
17512
22197
21496
23930
22849
25389
20037
28143
20761
24846
28075
25877
24837
30376
29862
31199
32573
32385
33049
35405
33647
27818
36760
30766
28776
37167
35619
37549
39671
23127
40200
41209
34587
38369
39904
44256
44920
37892
39262
46142
45223
47527
47488
46997
49064
49463
51128
52492
51008
49770
47938
