7013
9829
18358
21151
21513
21708
12589
25046
25459
11823
36236
21239
58131
44694
50494
59459
9402
68426
114198
41335
93252
109724
119965
118763
45154
125629
7177
110257
161740
142402
115458
163801
135669
104019
64670
116999
143383
115832
97521
142426
62372
161978
150416
128317
164730
224128
224962
163412
239698
209582
177312
163653
205723
170292
178890
152533
31155
246046
178795
237105
240306
45486
154007
223106
217031
185791
252328
219216
164435
251689
207386
170165
34981
167796
256696
181624
111344
205322
103909
1641
249001
235158
184456
95632
182174
177060
208031
65848
222180
118701
239263
119223
8379
5276
34305
44449
123799
101800
271
16562
