209
323
173
360
1579
2238
1063
181
1614
1246
268
1078
4384
4830
3863
683
1514
5850
814
3868
1224
6638
5353
4467
1496
898
5918
3733
1326
436
4519
2272
4079
6596
5176
6987
1886
9774
6181
11773
8808
5080
5686
8378
9849
7420
5473
13917
4759
2630
14983
8459
5628
5456
12089
1970
10873
4782
2576
20411
5142
10513
14956
9368
2557
7030
4946
4049
189
12120
5249
19906
8592
4542
2793
10318
21065
7960
4886
20572
1937
8129
4327
18531
16207
24010
20685
1584
7178
28185
19196
7815
30092
7231
25187
6483
3800
16351
15195
32712
