916
2191
3447
4954
4689
1710
7203
7640
8741
8001
3290
8965
8721
10390
10535
10526
3914
10090
9190
10334
13462
12996
14350
12247
7793
3052
17207
14759
19585
5700
17781
20069
16313
20445
18789
21957
17743
23906
22823
27547
20958
27308
31215
29505
31487
31176
28414
35946
22585
35312
33152
36433
33663
5366
39928
42211
41216
39953
44521
36902
45206
41575
45527
39698
46712
29351
48251
37869
26938
10899
49104
49764
51170
36787
50609
41612
49844
54654
31354
58256
53688
59439
57331
37982
57609
60736
62077
57747
63302
60560
61101
67988
66895
65117
59728
65169
66942
68101
73603
81103
