14682
15748
16769
18205
21572
29593
34257
32897
40662
49848
40916
54597
54095
52515
60216
59949
61405
69507
67289
56374
69036
62589
54844
96247
94558
73470
107724
112608
96358
98162
91699
120652
72959
127151
117275
49338
134329
130342
120548
161200
128165
160860
104188
173909
158963
54593
173154
152106
167073
82185
177422
159012
147667
174302
195166
171142
189059
115446
204448
190800
175204
99280
214023
166677
217116
226721
217673
157581
105594
76214
216255
154938
231575
211172
246844
185936
232056
256687
184950
211428
71756
234041
202471
54376
236423
207425
85248
257194
257698
207111
255946
157122
253951
261263
256092
265358
252705
248996
117634
131104
