84
2005
924
8978
3005
6173
12102
5048
6827
949
4431
20289
19865
11265
4620
5572
36627
20719
20166
14631
10003
12324
26536
48110
19395
43655
8602
81976
40819
6947
2750
47770
106059
47806
61958
20539
67007
35715
21490
61256
87449
71926
117135
64286
56911
40943
61288
26932
37022
73406
9386
43755
83807
73395
48735
5146
102915
44956
8610
51710
55190
18199
1438
31119
23765
129289
123310
104517
95528
9451
43488
28324
159784
9264
63314
28340
53715
18775
72858
99378
91990
16305
33753
14626
71810
39981
39580
152842
17346
108577
108392
84047
121981
49217
142938
77028
17839
87993
142896
79672
