196
2753
7631
10119
24075
7995
27895
33014
32029
39867
44652
41161
46129
35192
21082
51333
32483
55164
57389
6709
59335
56733
52261
17464
37938
70396
72765
68428
76687
78550
69534
86315
85919
93779
110145
117877
111204
83216
59323
113883
125747
117369
145192
164974
160889
157583
159799
147470
182610
149229
185845
179421
165868
12736
183565
88716
176639
162640
124875
152813
204736
172766
206600
190075
110213
214489
211553
130301
80217
207079
201333
125918
218749
231257
233262
166866
29756
197364
245587
222226
221502
237391
196263
192268
260607
260172
254766
234071
264460
250089
248012
225946
256354
219755
85139
3527
263532
252607
217384
265200
