3629
5554
13767
15239
18173
21272
21588
20101
19012
26117
36722
34591
36965
41129
40760
50019
47946
50196
48512
53896
49529
37039
18568
78628
45495
87550
27335
76333
102396
87831
117374
120284
86517
111727
115100
142272
113496
521
103388
146513
149111
79254
159687
175324
174234
133809
163592
118330
188592
183674
172591
170719
205465
27217
88398
76579
229317
219966
215193
234752
191116
210355
238329
176397
216506
207465
255357
234334
155472
122701
230804
256556
252848
238217
201143
132941
196461
264040
204593
67279
80439
234005
259052
193643
216211
140752
127125
122380
10121
125958
54614
148455
120326
127973
29433
21164
109152
217107
44292
37633
