2756
1271
3521
2174
6468
17116
24773
24025
17028
14996
25563
26835
15420
34194
39223
32003
41888
44361
29471
46388
21952
35410
48871
61134
57791
48455
20752
68612
80333
83970
30851
84900
65812
26783
21788
81409
72726
40203
93137
63077
28686
94821
112573
109709
91948
90424
102798
81725
50980
106481
92785
26525
104870
106213
117055
129916
120649
122867
82569
72695
68232
133957
131240
55467
118678
91145
64977
134575
154873
151399
134310
122249
83933
25294
93806
39194
103616
59309
161592
107955
162395
149061
106645
175969
129335
64285
182031
166613
166521
64347
152704
161082
75797
37120
53395
103244
191656
154981
191595
79244
