3446
15789
13325
23716
30581
27920
35741
39269
38633
38166
47096
41048
51975
54806
53181
41654
63974
39329
55987
63909
48573
64014
69305
66289
76961
80418
70881
73963
66305
81201
68530
86056
89274
80052
97522
85561
88381
107757
101470
111904
109394
99634
88630
84258
118371
91328
114793
114317
114157
105172
124845
150088
154162
149964
152069
164115
171309
175800
161409
160713
161762
173737
138297
131212
192417
176770
170942
173442
178102
199420
186340
186999
138248
159478
214944
223015
212115
220523
205248
159443
229814
226519
218520
214914
233481
198984
141618
233675
226514
223241
105787
248112
247221
192889
265231
231849
243920
226469
261547
240175
