1850
2141
5458
6621
11913
10612
12776
23500
20655
36246
31087
31072
31443
11171
15355
22235
48922
15181
34189
35286
65732
25909
64166
57383
42046
80149
50220
88686
41368
36337
28201
17752
90179
80971
120024
117114
42603
34231
5276
123760
112146
134233
123012
81809
40638
113413
107511
151139
140120
84167
30539
155000
159829
179340
82134
138965
154541
184059
94772
51808
67588
128265
17280
139812
107149
163882
118563
104037
121985
120266
123954
215198
127750
221447
206677
189148
173252
99042
107130
220512
174869
309
172451
237467
214291
204020
166564
213085
56304
162474
19265
133175
1523
225462
177874
215313
237345
1903
259308
237673
