7
516
929
1095
1138
1591
1305
2047
1609
1990
2210
1753
1188
2389
3402
2674
3902
3107
1155
3596
3094
1329
5029
5251
3621
5137
4796
5887
4936
4619
5110
3057
5645
5178
7789
7496
7331
7016
3227
7691
5328
4745
9155
6361
4681
1988
7155
1931
6271
8532
11219
8919
10944
11586
8078
1825
10467
9108
5772
10947
12181
7993
12366
9081
4399
13661
11186
13047
11634
7364
10562
7561
12787
6335
1907
13355
7369
4863
13074
10713
9277
2845
9407
13489
14866
13490
14924
16366
13538
13601
2626
10453
16180
13178
12088
16162
17362
18261
16165
11712
