12198
8940
12221
611
24014
17739
27666
32664
13282
3237
10876
98063
48276
6923
53868
155637
8358
32977
3758
160805
73055
124014
44958
87425
242706
131297
71935
147517
75603
125490
70929
54074
209466
2003
62390
167006
148115
125058
176830
176134
43239
169312
50812
3313
39504
183218
234437
198394
39239
211594
181509
104850
54546
31613
12533
9439
42039
120895
220287
167807
10768
257911
211877
179451
123882
235798
199694
3019
61432
203948
723
140024
96586
215660
92181
19466
125344
137334
55755
134417
84849
84303
83570
78314
222758
123702
164029
76519
57355
234032
21542
18933
127052
260797
146681
95856
6491
6254
31789
2931
