321
144
722
1022
876
1841
1296
2281
2620
544
2262
1629
3409
4871
307
1167
7370
8643
9405
11260
10949
13852
4707
8634
6888
5452
18883
9812
18598
10697
13247
19447
9671
8840
5898
22944
21782
19518
26094
19291
19960
18507
13840
29931
9138
1920
6370
32607
16837
32117
22792
8469
14621
17468
37429
13691
12004
35895
21838
12686
27133
22349
41353
28668
27834
18732
30565
26694
27114
38182
29683
26873
46564
38632
28588
45904
17220
39812
37881
51461
48369
43367
13915
43732
35806
35316
56674
12129
36499
47623
37896
16335
57541
2094
32273
32975
26352
45577
35671
41702
