185
306
967
2472
1303
2685
3563
3335
4368
434
7560
4826
7273
10424
13158
12730
1984
16252
16882
17423
17060
10240
15912
17987
20589
21415
17875
22171
18752
23726
25853
27052
26557
23842
25023
21118
22025
30360
9194
28234
28181
35447
36999
36124
37052
31210
15457
39215
15295
30444
43258
42810
31425
41723
43009
16914
33561
45635
46335
14466
35482
48106
48786
51388
39699
4414
53941
47083
54459
47420
56344
55231
47192
31557
30270
56581
57059
62839
54226
60683
42316
64884
57467
66719
53635
60699
56994
61044
56173
52387
28302
60889
50173
58477
43684
73346
66106
63053
75700
68859
