788
2061
1176
1399
228
1418
23656
1077
26540
7476
9810
37656
12056
1070
15124
12884
12386
68999
17992
8170
82458
5972
42654
17525
23394
98728
40080
34398
25251
7238
286
124088
3138
141580
97063
6416
125111
36740
81604
110023
56702
43231
4527
2332
27188
80077
51267
140726
161748
26451
14198
6062
5793
40063
29687
86257
56186
147772
113098
190972
86844
16695
12951
176872
32872
2408
93747
1406
225310
67482
40909
127355
36522
21163
156072
140448
12052
235464
144773
135853
126402
117273
32007
147866
256343
252190
112139
63958
94524
2913
185915
2016
25156
154531
5865
134378
10347
17754
142888
125640
