951
3212
5229
4799
4971
4586
8050
10950
13076
13133
2263
11114
9159
16480
14405
15328
18329
14404
14527
22357
23039
18475
5776
14652
8681
22624
27906
30540
30069
27794
35336
7569
14663
31737
43192
39717
46473
40967
46152
48549
48633
30415
11123
11767
34667
42648
50548
10504
50863
31505
55437
47992
23938
39341
55275
45621
64890
54814
37404
34143
40637
72587
69498
57547
12463
39879
61481
45641
69896
69561
76771
81235
62251
4995
83149
18077
80262
78073
48534
49556
76491
84752
71619
79978
3333
69855
69097
56239
98503
69497
40648
101857
83459
81002
96711
72774
21867
64661
22979
81760
