391
353
2547
6440
6989
11374
9678
13471
13304
11286
9379
14045
7226
16245
8118
1635
16319
23374
16174
1879
23182
16309
3277
19773
31391
14306
8641
36813
37600
19790
23531
21403
10589
29004
29392
19162
26555
42804
32324
34299
41904
8918
30416
54379
22487
53928
24153
57758
9458
36610
2098
48320
31640
24078
50760
40624
29213
14895
5516
49296
24096
57326
48339
50785
76449
34132
34243
39184
59755
76497
24246
70328
32342
22224
27303
50226
9181
83937
18911
95386
73653
88652
92079
91030
84462
42072
49299
96834
51851
81911
72208
45726
38662
100720
84402
106229
94015
72085
92979
23370
