16331
17425
18128
27331
24905
19048
26045
25650
34201
36490
14881
43317
7565
24728
33749
42265
62011
59570
10848
63463
63356
69602
55375
30644
90378
71504
54463
84407
80067
80867
108512
102791
123260
111451
114669
149984
145694
82472
3159
140692
152503
166691
137611
137105
140344
98661
151075
180768
175319
14615
136830
125642
68031
4185
168834
181577
187759
158237
22350
144405
133718
201576
2960
152750
9075
212941
118786
221714
202981
117908
191418
186557
161913
237224
241474
204854
188658
119050
257742
120694
177119
159910
114660
257203
154049
125630
213042
255300
230709
245952
88351
264135
134023
121123
256322
252076
139371
2895
244629
212593
