4604
5317
9738
11447
4312
4803
16274
3003
14907
19338
12873
20837
19584
20363
31845
34026
21870
35098
42165
34544
2498
61135
57225
35077
50734
63940
61218
47885
55217
66198
69424
47051
48641
68390
58961
60539
61499
72563
72558
69353
45866
42856
69950
78197
71877
23721
52808
55991
68355
58580
88824
79077
94467
82996
62906
14287
60598
34826
62563
71337
77562
16422
83815
77355
34349
98280
54335
69450
94591
58662
71966
116813
81429
40891
21867
42812
120711
109450
2956
114357
101115
117613
110568
106160
99416
115395
97419
116200
109580
100957
31028
123473
89894
69119
122153
108300
98340
49497
143080
120573
