943
609
1045
527
3024
1511
2888
3725
4495
3141
8468
3654
6001
4485
11430
11311
12222
9423
13620
17297
18186
14593
14959
20798
21083
22731
25031
6341
25798
27447
23987
24505
21842
17230
31142
37606
32346
38714
32486
43677
23285
23719
43468
29069
20913
50691
41897
44952
30787
49674
55156
39674
43984
64784
51701
71982
79770
80055
53702
66854
47389
87572
69088
38529
65247
60895
88947
89880
74386
61906
105393
59077
23389
80287
98283
110307
102804
84902
93337
110805
51168
83387
134324
83299
120488
112933
40866
141928
11224
131539
150184
137599
76928
79108
35023
147877
136620
111148
155548
130549
