404
2699
3093
3536
2490
6052
7000
6637
6406
6220
4647
8193
8762
8292
11751
9134
10727
15336
11737
9995
15146
15358
15658
5552
17390
19036
19381
19944
17707
19290
21777
20296
18369
17276
23020
20905
21879
24231
22649
22455
23548
9520
24619
25720
23714
24504
26169
27554
25105
29016
24954
24886
29374
15729
29914
31943
26375
33622
5482
21003
32032
30373
35380
33863
38129
34068
24789
37314
37966
37049
36941
39588
36557
29011
41548
45371
40911
27122
21566
34276
40237
47653
46681
41645
53859
37506
16131
40479
32613
51021
42598
56655
51460
59176
57089
56301
54520
59801
54475
50982
