280
1626
3341
618
2647
740
5917
6547
1716
6988
8986
1830
9732
9798
8335
3229
13291
12415
10810
3641
1447
12816
12516
18319
15495
15301
19086
19074
17098
18509
19640
21584
12429
22192
20239
9557
7613
17415
17095
22165
22421
20322
23931
28355
11297
27936
26155
23858
32131
31700
24816
30813
12520
35475
43417
13616
24552
4925
48231
46544
26995
50632
45654
52360
49874
21462
42001
38663
49921
46237
51149
5663
59239
40178
64020
29314
21721
19501
66847
53192
68376
56564
69209
46053
57709
51009
70325
54338
43821
74846
80812
49242
75414
68342
90876
28121
38999
59939
88074
69778
