2788
9235
28878
24408
14653
17662
56026
56408
64037
20285
79127
69777
211716
81703
164316
230603
211669
132161
67223
46176
99105
21510
171623
58195
77104
57728
147354
194184
193427
86989
56924
17763
98054
168787
36280
182202
177092
224191
103614
208857
170068
216625
143183
66823
218589
194700
215523
74374
245794
256996
164469
114626
162147
158532
135572
118201
262780
177907
119775
77456
262134
260897
133702
160582
153351
31660
222074
192407
187382
65965
265437
25775
137416
56603
32100
200719
132907
260053
68594
32932
21743
214061
50715
251826
145405
80375
74996
54125
33190
242969
164505
133159
41390
229973
220486
175615
162311
140491
130392
118267
