545
1426
2450
5916
6229
6841
6314
9076
9517
12262
11661
16625
4732
17476
13018
23711
16481
22870
23081
20789
24180
23303
31755
30981
34894
36036
26537
22118
17235
28649
26577
22105
38807
35477
35028
29236
19880
42717
44096
23104
6093
23214
37132
31849
20693
40571
46849
45287
34330
23251
44007
46637
30537
10493
39464
46269
49611
45164
45680
40887
31331
46352
43029
51828
38511
48016
44335
25944
42448
62438
39522
61009
50070
33263
42358
36029
50374
21056
59575
49680
45133
73733
44235
37991
68201
40406
51705
66999
65962
42409
75474
52186
40357
55381
27421
83110
67204
78642
74730
72886
